5000 
0: 1 5 6 11 27 30 34 37 48 58 62 71 73 84 86 89 93 105 112 141 154 169 191 196 214 216 253 282 288 350 383 392 393 449 520 527 549 552 557 586 591 668 681 709 741 742 770 823 838 900 902 1019 1026 1054 1071 1110 1116 1231 1255 1266 1303 1314 1390 1401 1464 1584 1609 1614 1635 1755 2005 2055 2142 2155 2231 2289 2318 2334 2353 2489 2509 2535 2584 2591 2647 2661 2673 2727 2872 2915 3381 3479 3543 3566 3581 3708 3773 3816 4067 4102 4218 4521 4634 4663 4734 4816 4878 4915 4933 4964 
1: 0 2 3 4 13 16 17 20 24 26 28 46 47 49 59 60 63 66 67 88 94 137 138 139 190 200 202 248 287 293 323 331 338 339 362 369 402 408 418 436 438 444 454 469 481 502 506 532 540 544 604 615 627 715 737 747 755 765 780 815 853 892 928 944 970 979 1011 1053 1069 1077 1119 1195 1222 1254 1258 1282 1309 1353 1450 1527 1531 1557 1608 1631 1680 1867 1931 1984 2028 2083 2084 2148 2188 2250 2316 2331 2393 2507 2522 2621 2624 2633 2669 2786 2818 2891 2954 2978 3097 3156 3173 3183 3310 3329 3334 3343 3378 3413 3474 3504 3597 3637 3672 3692 3726 3921 3984 3990 4005 4202 4213 4273 4317 4353 4615 4687 4804 4867 4901 4937 
2: 1 7 9 10 15 23 33 40 53 55 57 110 114 115 117 133 145 168 197 209 212 247 252 263 265 310 325 341 372 379 489 497 517 526 548 562 564 566 574 665 729 740 785 822 831 839 858 959 1031 1123 1135 1166 1292 1326 1413 1453 1487 1605 1644 1676 1699 1721 1743 1808 1857 1881 1898 1905 2002 2016 2135 2163 2222 2308 2314 2321 2341 2400 2516 2644 2650 2865 2894 3003 3037 3195 3239 3482 3495 3509 3549 3645 3729 3890 4050 4059 4094 4096 4148 4169 4188 4314 4376 4416 4508 4743 4750 4761 4985 
3: 1 8 493 507 1226 2427 2814 3972 
4: 1 14 21 76 104 113 277 486 561 727 1150 2183 2413 2485 2616 2827 3146 3151 3737 3901 4034 4973 
5: 0 12 29 65 69 151 232 246 297 321 387 411 538 605 641 792 842 946 1188 1496 1550 1805 1870 1983 2426 2600 2928 3050 3451 3919 4039 4658 
6: 0 25 97 661 3268 4173 4349 4951 4961 
7: 2 584 
8: 3 684 2359 2480 2512 4541 
9: 2 90 927 1287 1618 2339 3175 3989 4330 
10: 2 18 36 201 356 410 419 458 460 587 620 834 1220 1252 3868 4643 
11: 0 2825 2910 
12: 5 296 636 876 1678 1960 2835 2839 2973 
13: 1 895 1651 2000 4146 4360 
14: 4 
15: 2 132 153 165 188 261 291 301 355 1037 1048 1185 1784 1942 1999 2036 2109 2364 2632 3324 3422 3585 4206 
16: 1 149 275 1172 1313 3065 3282 
17: 1 77 79 135 148 156 173 249 271 422 433 456 485 572 669 1263 1440 1565 1821 1901 1903 1906 1910 1968 2042 2074 2097 2138 2448 2531 2864 2914 3171 3793 3962 3965 4469 4668 
18: 10 19 22 38 72 102 106 130 176 199 208 312 412 465 476 583 602 856 885 1050 1090 1159 1197 1327 1359 1362 1470 1566 1663 1687 1691 1728 1919 1925 2123 2366 2631 2675 2917 2936 3187 3202 3230 3307 3358 3570 3663 4086 4187 4230 4473 4527 4552 4667 4848 4890 
19: 18 31 70 96 178 235 307 316 405 452 490 545 614 675 752 753 847 894 1225 1238 1355 1383 1442 1452 1895 2583 2726 2738 2776 3018 3242 3487 3656 4239 4739 
20: 1 451 530 1989 2458 2769 3141 3814 
21: 4 92 276 577 1261 1568 2253 2315 4201 4211 
22: 18 441 869 1080 1243 1720 2436 3080 3404 
23: 2 256 745 1991 2701 
24: 1 171 226 317 613 948 1140 1625 2542 2822 2943 3071 3114 3661 4000 4242 4793 4897 
25: 6 245 272 779 
26: 1 292 
27: 0 99 174 180 283 3001 3787 
28: 1 41 74 210 215 219 223 231 309 498 499 541 619 714 786 937 1079 1147 1158 1264 1801 2032 2259 2587 2642 2676 2710 2811 3068 3392 3639 4231 4463 4605 4633 4690 
29: 5 32 43 101 150 234 320 483 2651 3409 
30: 0 39 54 116 467 1221 1323 1537 2113 2324 2637 2953 4630 4960 
31: 19 35 42 50 52 64 175 205 258 267 348 429 519 575 600 652 735 921 1108 1189 1239 1275 1406 1409 1491 1581 1733 1837 1954 2537 2620 2755 2959 3109 3126 3165 3294 3511 3555 3732 4064 4318 4350 4549 
32: 29 81 119 157 167 371 622 1034 1040 1148 1232 1241 3086 3102 3525 3678 4224 4531 
33: 2 45 327 516 1299 1337 1634 1815 2063 2783 3301 4054 4684 4752 
34: 0 61 125 343 750 757 758 999 1067 1072 1711 1843 2258 3016 4313 4607 4617 
35: 31 122 159 1342 1603 
36: 10 658 1004 3848 
37: 0 194 222 347 521 2194 2816 3531 4097 4294 4446 4738 
38: 18 51 78 108 220 254 426 1027 1656 1741 2018 2198 3005 3893 4419 4465 4922 
39: 30 121 144 183 211 409 428 576 705 730 768 889 935 1177 1356 1871 2298 2379 2975 3470 3950 4109 
40: 2 127 
41: 28 56 140 182 479 2731 3872 
42: 31 44 172 373 630 634 1075 1235 1244 2809 2870 3213 3628 3914 
43: 29 147 2487 3100 3326 4480 
44: 42 337 370 473 751 871 1120 3518 3610 4703 
45: 33 368 
46: 1 266 378 529 596 918 1265 1497 1830 2204 2889 3006 3646 3761 4226 4673 
47: 1 164 808 2170 2806 2831 4003 4112 4676 
48: 0 1046 2546 
49: 1 688 
50: 31 553 861 
51: 38 611 1360 3751 4841 4881 
52: 31 75 120 134 189 1411 1604 2998 3875 3996 
53: 2 68 95 161 243 260 279 294 396 718 855 1015 1022 1367 1377 2268 2782 3194 3198 4651 
54: 30 459 1298 3089 
55: 2 80 170 207 224 570 598 938 1236 1333 1384 1456 1517 1585 1946 2399 3059 3131 3351 3724 4916 4923 
56: 41 1593 
57: 2 
58: 0 1591 1641 2497 2672 3166 3873 
59: 1 131 695 1701 
60: 1 375 1278 4365 
61: 34 107 442 447 472 563 798 2195 3774 
62: 0 126 162 166 192 703 759 1283 1510 1636 1708 2654 2765 3389 4013 4032 4118 4708 
63: 1 720 890 2015 3375 4111 
64: 31 
65: 5 354 394 1436 1756 1851 2611 2627 2660 
66: 1 83 872 2165 2470 
67: 1 
68: 53 82 123 198 610 1092 1215 1483 1987 2106 2501 4438 
69: 5 340 680 866 1280 2056 2824 4183 4284 
70: 19 482 672 1335 2139 2989 3762 4595 4795 4936 
71: 0 85 91 111 206 228 363 555 649 748 760 1117 1179 1657 1823 2450 2628 2937 3048 3441 3467 3513 3625 3784 3881 4384 
72: 18 500 
73: 0 103 136 640 1218 1647 1787 1846 2879 3373 3426 4596 
74: 28 840 2646 
75: 52 
76: 4 617 817 2124 
77: 17 87 128 163 177 361 626 1927 2557 3752 3898 4018 4099 
78: 38 
79: 17 146 3444 3792 4991 
80: 55 100 158 217 236 336 646 795 816 1089 1358 1956 3231 3523 3940 3966 4209 4336 
81: 32 98 186 385 432 446 514 547 656 716 1049 1361 1554 1598 2681 2971 3060 3580 3770 3930 4254 4506 4587 4807 4813 
82: 68 
83: 66 961 2750 3383 3634 
84: 0 259 395 783 1270 2901 4728 4776 4826 
85: 71 124 160 204 221 237 264 333 334 359 384 513 635 713 812 881 911 919 985 1161 1366 1473 2012 2645 2846 3117 3595 3822 3987 4098 4142 
86: 0 1245 2770 3111 
87: 77 1129 2156 
88: 1 2397 
89: 0 1318 3200 4295 
90: 9 518 537 607 1202 1547 2398 4730 
91: 71 109 152 367 404 642 850 925 1020 1064 1388 1465 2265 2845 3081 4162 4300 
92: 21 143 311 462 535 749 1008 1047 1286 1289 1659 1674 1785 2207 3057 3266 4196 
93: 0 233 257 536 542 1060 1400 1503 1840 2368 2598 4566 
94: 1 185 382 1192 1468 1512 1718 1869 2033 2567 2721 3394 3879 3971 
95: 53 118 142 2885 3741 
96: 19 495 1058 1595 3184 4264 
97: 6 319 571 731 788 891 989 1190 3118 3172 3756 3789 4033 
98: 81 439 1645 2686 
99: 27 193 1109 2432 
100: 80 2483 3903 
101: 29 1965 4125 4422 
102: 18 
103: 73 835 1130 2511 3533 
104: 4 181 299 702 981 1207 1426 1729 2307 2499 2853 3061 3074 
105: 0 1174 1564 
106: 18 2639 3442 4462 
107: 61 407 3440 3891 
108: 38 2058 2285 2804 2826 3296 3676 
109: 91 4779 4939 
110: 2 700 
111: 71 694 723 1321 1792 4388 4626 4984 
112: 0 
113: 4 358 360 413 503 674 849 1300 2275 2524 2843 4134 4972 
114: 2 300 326 766 932 982 1056 1160 1322 1809 2208 3603 4299 
115: 2 304 2979 3042 
116: 30 
117: 2 
118: 95 721 1589 1660 1848 2348 2442 2510 2556 2606 2742 4246 
119: 32 510 1219 1234 1613 1768 2008 2146 2238 2732 4448 
120: 52 278 1943 
121: 39 793 1146 1198 1574 2392 2443 2449 2679 4249 4426 
122: 35 463 
123: 68 
124: 85 274 281 448 558 904 906 968 1381 1519 1761 1945 2634 2690 3182 3870 4857 4884 
125: 34 255 342 1433 1993 2904 3924 4014 
126: 62 238 568 671 1586 1900 3290 3861 4534 
127: 40 
128: 77 129 315 344 957 1480 1599 2133 2405 2434 3032 3618 3636 4646 4827 4924 
129: 128 1204 2709 3679 
130: 18 3882 4829 
131: 59 1842 1980 2038 
132: 15 678 2242 2401 4613 
133: 2 1798 3168 
134: 52 155 1754 2312 3069 
135: 17 250 345 667 2550 2958 
136: 73 
137: 1 241 874 1509 1526 1587 2883 2964 
138: 1 2858 3819 
139: 1 896 2705 2912 4735 
140: 41 
141: 0 298 1229 1816 3070 3246 
142: 95 400 632 696 701 761 951 960 2054 2649 2748 2812 3031 3155 3263 4075 4959 
143: 92 
144: 39 435 3783 4071 4824 
145: 2 290 4119 
146: 79 179 305 353 505 1141 1425 1457 1683 2950 3079 3674 3705 
147: 43 4873 
148: 17 
149: 16 845 1200 2025 3951 4250 
150: 29 
151: 5 1559 3139 
152: 91 3091 
153: 15 1097 2724 4065 
154: 0 1685 1966 4474 
155: 134 484 732 767 1101 1272 
156: 17 2317 
157: 32 184 308 399 677 1694 3344 3707 
158: 80 1296 1873 2282 2508 4427 4621 
159: 35 1214 2688 
160: 85 213 227 421 1044 3690 
161: 53 262 1617 1788 2373 2433 2446 3475 4215 
162: 62 397 543 655 2263 2468 2961 4835 
163: 77 787 1410 2941 
164: 47 386 1941 2126 
165: 15 903 3849 
166: 62 909 1061 1719 3143 4348 
167: 32 302 706 2796 3023 3314 3448 3720 
168: 2 229 3975 
169: 0 314 897 2098 
170: 55 
171: 24 187 579 2438 3834 4190 4234 
172: 42 3807 
173: 17 
174: 27 318 560 837 3078 4461 
175: 31 1216 1370 1939 
176: 18 
177: 77 2110 
178: 19 195 390 2344 2564 3352 3711 3719 3905 4347 4744 
179: 146 
180: 27 3659 
181: 104 242 251 329 508 728 762 796 1001 2340 4027 4455 4876 
182: 41 280 284 559 657 734 743 851 1284 1297 1396 1853 2021 2046 2352 2369 2386 2741 3039 3214 3371 4914 
183: 39 225 332 381 708 987 1139 1230 1312 1538 1725 1908 2096 2722 2771 3190 3283 3372 3550 4140 4288 4526 4588 
184: 157 546 625 2090 2416 4203 
185: 94 
186: 81 322 704 887 1640 2171 4040 
187: 171 926 3386 4778 
188: 15 1884 4056 
189: 52 374 528 691 781 1305 1408 1696 1793 1933 1963 2684 3044 3306 3731 3827 
190: 1 417 1706 3012 
191: 0 203 289 964 1124 1152 2144 3620 4694 
192: 62 1349 1555 1854 2070 4801 
193: 99 3526 3640 
194: 37 595 854 971 1156 1199 2653 2963 3568 
195: 178 1588 
196: 0 450 1018 1074 1121 1248 1704 1976 2461 2677 3973 
197: 2 913 1822 
198: 68 975 
199: 18 244 623 2407 3083 
200: 1 487 864 1187 1420 1481 3998 4945 4975 
201: 10 
202: 1 524 1539 3942 
203: 191 492 
204: 85 
205: 31 2707 
206: 71 270 2273 2469 2563 
207: 55 
208: 18 414 1111 1511 2338 4994 
209: 2 365 686 4722 
210: 28 468 827 1182 1476 1786 2922 
211: 39 
212: 2 218 240 324 496 594 805 1495 1653 1679 2087 2141 2252 2555 2579 2779 2840 3125 3127 3229 3309 4530 
213: 160 357 423 841 1000 1132 
214: 0 377 2137 
215: 28 
216: 0 239 346 364 425 525 628 804 819 956 1224 2311 2380 2459 2685 2974 3355 
217: 80 352 480 504 880 1424 1915 2926 3828 3938 4017 4483 4558 
218: 212 888 953 2607 
219: 28 286 389 609 1466 1820 2131 2588 2630 2819 2898 3291 3612 
220: 38 
221: 85 739 1194 
222: 37 794 1290 2517 3821 4868 
223: 28 230 2610 2837 
224: 55 
225: 183 
226: 24 1113 2287 2683 
227: 160 1665 3137 
228: 71 420 2162 3206 
229: 168 470 1178 1435 1612 3455 3697 3886 
230: 223 445 488 512 712 993 1212 1471 1977 2919 3087 3320 3677 
231: 28 573 692 830 1709 1862 1938 2302 2745 4035 4520 4710 
232: 5 349 430 725 915 940 1567 2388 2533 3092 3115 3223 3897 3964 4745 
233: 93 
234: 29 599 647 1165 1307 4896 
235: 19 1865 
236: 80 883 974 2241 
237: 85 
238: 126 2100 
239: 216 1885 2053 2472 2595 3835 4216 
240: 212 2270 2976 4970 
241: 137 
242: 181 920 2102 2896 4051 
243: 53 303 633 682 800 821 2515 3992 4130 4279 4425 
244: 199 539 1334 2130 2820 3380 3847 
245: 25 427 2725 
246: 5 306 1175 1831 2224 4108 4579 
247: 2 
248: 1 2838 3806 
249: 17 1267 2861 3199 3627 3651 4424 4533 4815 
250: 135 455 478 551 1051 1256 1722 2577 2801 3333 3435 
251: 181 
252: 2 285 366 676 813 1162 1749 1765 2420 2762 2939 2993 3107 3181 3622 4193 4397 4757 
253: 0 3780 
254: 38 295 
255: 125 273 415 639 828 934 1163 1389 1423 1502 1829 1918 2216 2539 3779 4106 4110 4131 4265 4576 4702 
256: 23 972 2047 
257: 93 3252 3412 3721 4243 
258: 31 376 2854 
259: 84 
260: 53 2328 3297 
261: 15 
262: 161 268 870 3494 
263: 2 515 699 756 955 1868 
264: 85 
265: 2 531 2190 2945 
266: 46 
267: 31 269 328 653 2095 4062 4253 4328 
268: 262 689 
269: 267 2206 
270: 206 722 1118 2240 
271: 17 2031 2329 
272: 25 650 1042 1929 3292 4719 
273: 255 844 3350 3685 
274: 124 330 511 1209 1237 2593 2907 
275: 16 494 726 1378 1498 1525 2064 2484 2985 3112 3578 3604 
276: 21 
277: 4 416 1594 
278: 120 4504 
279: 53 
280: 182 437 867 1726 2492 
281: 124 335 1446 
282: 0 976 1193 1246 1638 2019 2536 2935 4043 4266 4362 
283: 27 443 638 4078 4629 4796 
284: 182 4225 4271 
285: 252 403 
286: 219 811 2173 
287: 1 651 984 996 1106 2545 2873 3261 3312 
288: 0 1577 
289: 191 453 581 707 801 1368 1454 1688 2149 2219 2856 2938 3802 4049 4316 4932 
290: 145 
291: 15 3399 4592 
292: 26 3311 3662 3877 
293: 1 2799 4381 4706 
294: 53 
295: 254 1339 4240 
296: 12 4718 
297: 5 313 398 685 736 1157 1276 1716 2218 
298: 141 1682 
299: 104 1024 2466 3047 3212 3236 4488 
300: 114 1437 
301: 15 659 
302: 167 
303: 243 3652 
304: 115 
305: 146 962 1982 2965 3130 3739 
306: 246 
307: 19 
308: 157 
309: 28 807 1055 2166 
310: 2 440 461 1520 2160 4925 
311: 92 764 4411 
312: 18 
313: 297 388 763 1664 2010 2167 3666 4672 
314: 169 
315: 128 380 645 
316: 19 943 
317: 24 
318: 174 1462 
319: 97 491 
320: 29 
321: 5 
322: 186 
323: 1 954 1038 2383 
324: 212 550 1343 1834 4740 
325: 2 1596 2716 
326: 114 
327: 33 401 1017 1324 1615 2737 3683 
328: 267 1005 1122 2094 2233 4010 
329: 181 670 1217 1536 
330: 274 351 803 
331: 1 477 775 1066 1717 2699 3108 
332: 183 
333: 85 908 2351 4720 4747 4958 
334: 85 474 3138 
335: 281 
336: 80 3364 
337: 44 923 1789 2543 3654 
338: 1 898 3589 
339: 1 434 683 1422 1752 
340: 69 
341: 2 
342: 125 773 884 1094 1917 2286 3510 3642 4277 
343: 34 998 2115 
344: 128 
345: 135 533 2172 2239 4020 4042 4843 4989 
346: 216 597 1637 4115 
347: 37 
348: 31 471 3885 4046 
349: 232 3830 
350: 0 
351: 330 1002 1028 1478 2210 3007 3767 4068 4205 
352: 217 1153 2127 
353: 146 
354: 65 1686 1835 
355: 15 
356: 10 2191 3249 3910 
357: 213 797 922 966 1489 2892 
358: 113 457 914 1014 2421 2523 4217 
359: 85 406 567 1385 1494 1572 1888 2571 2800 3197 4854 
360: 113 
361: 77 1490 1623 3613 
362: 1 
363: 71 588 660 1025 1850 2503 4542 
364: 216 593 4076 
365: 209 590 1392 
366: 252 2706 3328 
367: 91 391 666 717 1352 1563 1864 1961 2071 2255 2829 2834 3085 3826 4030 4093 4834 
368: 45 
369: 1 
370: 44 912 
371: 32 
372: 2 832 899 1103 1223 2335 2460 2847 
373: 42 693 1630 2568 3888 4472 
374: 189 1169 2746 3054 
375: 60 424 523 857 1291 1759 2121 2274 2465 2528 3147 3318 3459 4950 4974 
376: 258 4981 
377: 214 
378: 46 1515 3303 3743 
379: 2 565 
380: 315 
381: 183 848 1007 2245 2518 2601 3400 
382: 94 
383: 0 
384: 85 
385: 81 3565 3571 3917 3952 
386: 164 4297 
387: 5 1274 1540 1998 2011 4689 
388: 313 475 2739 2860 4619 4767 
389: 219 554 1668 2569 3046 3517 3617 4590 
390: 178 569 1460 2292 2295 
391: 367 648 776 1955 2723 2905 3019 4170 
392: 0 
393: 0 578 1379 
394: 65 
395: 84 2296 2695 
396: 53 1012 1096 
397: 162 431 916 3632 
398: 297 1029 1341 1387 1902 2977 3588 4306 
399: 157 
400: 142 
401: 327 466 1828 
402: 1 
403: 285 690 2213 4179 
404: 91 1852 2479 
405: 19 4785 
406: 359 
407: 107 4599 
408: 1 
409: 39 618 
410: 10 
411: 5 
412: 18 1127 1673 
413: 113 4252 
414: 208 1281 1285 2026 3015 4275 4849 
415: 255 464 3145 4307 
416: 277 
417: 190 
418: 1 1273 2428 4077 4380 
419: 10 509 809 2068 4220 4650 
420: 228 1093 
421: 160 1068 
422: 17 637 
423: 213 
424: 375 1134 2020 3733 
425: 216 789 3599 
426: 38 1167 
427: 245 698 
428: 39 
429: 31 
430: 232 
431: 397 2154 
432: 81 4987 
433: 17 1629 
434: 339 
435: 144 771 1988 2394 3473 
436: 1 3366 
437: 280 
438: 1 1063 4929 
439: 98 882 1030 1800 2057 2498 
440: 310 
441: 22 2585 2757 
442: 61 608 3434 
443: 283 616 3935 
444: 1 1995 4236 
445: 230 3900 
446: 81 2080 
447: 61 1740 4733 
448: 124 
449: 0 
450: 196 534 877 1508 1773 1891 2474 4997 
451: 20 
452: 19 
453: 289 501 3226 4657 
454: 1 592 603 746 790 942 1070 1346 1727 2228 3408 3706 
455: 250 556 1394 
456: 17 1078 2197 3167 3500 4327 
457: 358 3233 
458: 10 
459: 54 585 784 2230 3110 4370 
460: 10 711 1003 1774 
461: 310 3554 4133 
462: 92 4695 
463: 122 810 
464: 415 
465: 18 2212 
466: 401 1145 1208 2665 3458 4482 
467: 30 1463 
468: 210 
469: 1 
470: 229 1794 1872 
471: 348 997 1257 1521 2604 2855 
472: 61 
473: 44 1669 2376 3354 3750 4430 
474: 334 724 
475: 388 
476: 18 589 2050 3142 3425 3758 4986 
477: 331 
478: 250 1013 2832 3235 
479: 41 
480: 217 1569 4214 
481: 1 679 1560 4953 
482: 70 4866 
483: 29 601 3601 3941 4949 
484: 155 1288 1937 3745 
485: 17 
486: 4 2735 
487: 200 818 945 1672 1922 2608 2981 3160 3436 4400 4715 
488: 230 2424 
489: 2 
490: 19 1810 2371 3419 3744 
491: 319 606 1168 1393 3569 4631 
492: 203 
493: 3 
494: 275 929 1099 1196 1762 1780 2279 4256 4478 
495: 96 
496: 212 
497: 2 1951 
498: 28 
499: 28 
500: 72 
501: 453 1260 
502: 1 
503: 113 806 1201 1338 3096 
504: 217 582 644 799 1904 2330 2476 4296 
505: 146 3647 4007 
506: 1 738 2995 
507: 3 947 1619 1791 2320 2802 2803 2869 2951 4069 4557 4572 
508: 181 687 697 829 980 1514 3754 4540 
509: 419 662 663 754 1125 1518 2081 3398 
510: 119 
511: 274 2271 2719 
512: 230 
513: 85 
514: 81 814 846 2547 
515: 263 522 1693 
516: 33 
517: 2 629 1398 3287 
518: 90 733 2105 
519: 31 
520: 0 1320 3304 3668 4712 
521: 37 1183 
522: 515 2114 2708 
523: 375 4895 
524: 202 802 1205 3116 
525: 216 
526: 2 
527: 0 941 3563 
528: 189 624 1412 2967 3224 
529: 46 
530: 20 
531: 265 
532: 1 
533: 345 952 1065 1405 2925 3370 3598 3710 3717 
534: 450 
535: 92 1535 2326 2417 3722 3766 
536: 93 936 4158 
537: 90 1164 1262 
538: 5 
539: 244 
540: 1 1133 
541: 28 580 664 1766 4883 
542: 93 873 1115 4079 
543: 162 2626 3796 3953 
544: 1 1607 2354 3158 3262 
545: 19 
546: 184 2734 
547: 81 860 893 1553 2066 2337 3101 3356 
548: 2 2078 2107 
549: 0 782 1376 1847 3476 4759 
550: 324 621 1444 2201 3866 
551: 250 
552: 0 
553: 50 1723 4303 
554: 389 2288 
555: 71 1894 2712 3185 
556: 455 931 1950 
557: 0 
558: 124 2658 
559: 182 2541 2743 
560: 174 933 4502 
561: 4 791 1738 2494 2884 3430 3629 
562: 2 1418 2157 4155 
563: 61 
564: 2 
565: 379 4700 
566: 2 983 1354 1580 2920 3030 3818 
567: 359 
568: 126 1971 2280 2548 
569: 390 4616 
570: 55 612 1081 4393 4401 4583 
571: 97 
572: 17 3524 
573: 231 
574: 2 
575: 31 
576: 39 
577: 21 950 969 4292 
578: 393 1380 1485 
579: 171 852 1576 1742 4903 
580: 541 1062 1210 
581: 289 3799 
582: 504 1428 3519 
583: 18 1797 
584: 7 924 1449 2795 3957 
585: 459 3427 
586: 0 4457 
587: 10 
588: 363 930 
589: 476 1844 3159 4016 
590: 365 2592 3144 
591: 0 
592: 454 1616 2177 3694 
593: 364 673 1076 1467 2694 3103 4269 
594: 212 
595: 194 
596: 46 
597: 346 825 1434 2181 
598: 55 
599: 234 917 1681 1710 1920 2504 
600: 31 719 
601: 483 1363 2704 4523 
602: 18 
603: 454 774 1620 2304 2419 2758 3124 3691 
604: 1 
605: 5 967 1181 3360 
606: 491 
607: 90 4875 
608: 442 
609: 219 865 
610: 68 631 710 1082 3528 
611: 51 
612: 570 1957 4063 
613: 24 
614: 19 777 1996 3889 
615: 1 843 
616: 443 
617: 76 910 1981 2035 2570 3969 4492 4721 4887 
618: 409 643 1819 1833 1973 2455 2850 3027 3134 3150 3170 
619: 28 772 2045 2406 3034 4058 4844 
620: 10 
621: 550 833 836 994 2249 4560 
622: 32 875 1171 1315 1590 2969 4494 4729 
623: 199 1544 
624: 528 
625: 184 820 878 1675 2431 3274 3944 
626: 77 1507 4160 4403 
627: 1 
628: 216 1277 1474 1684 2044 2780 3357 3878 4137 4198 4420 
629: 517 1114 
630: 42 
631: 610 1136 
632: 142 
633: 243 4132 
634: 42 1331 3658 3734 
635: 85 1036 1484 1622 2112 2290 4809 
636: 12 3844 4100 
637: 422 
638: 283 
639: 255 1154 1488 1753 
640: 73 1010 3285 
641: 5 3278 
642: 91 1543 1671 2079 2260 4103 
643: 618 654 744 1102 1558 1849 2852 3369 
644: 504 3464 
645: 315 2363 4681 
646: 80 1033 
647: 234 
648: 391 1658 
649: 71 988 
650: 272 
651: 287 1703 
652: 31 
653: 267 901 
654: 643 1227 2281 
655: 162 1173 
656: 81 
657: 182 949 1372 3288 
658: 36 2454 2490 3022 
659: 301 1447 1475 4298 
660: 363 
661: 6 
662: 509 
663: 509 1500 2085 2702 
664: 541 4260 
665: 2 
666: 367 879 977 
667: 135 1016 1836 2692 3562 3841 4219 
668: 0 
669: 17 
670: 329 978 4191 
671: 126 826 
672: 70 
673: 593 1505 1748 1875 2205 
674: 113 2947 
675: 19 2248 3593 
676: 252 
677: 157 
678: 132 
679: 481 
680: 69 4443 
681: 0 
682: 243 2836 
683: 339 
684: 8 4454 
685: 297 1144 2452 2629 4117 
686: 209 
687: 508 2299 2365 3094 3209 3605 
688: 49 
689: 268 
690: 403 2899 
691: 189 1807 2185 
692: 231 1041 4769 
693: 373 
694: 111 
695: 59 
696: 142 
697: 508 963 4968 
698: 427 
699: 263 1734 
700: 110 2277 3945 
701: 142 886 1571 
702: 104 
703: 62 2662 
704: 186 2158 3218 
705: 39 
706: 167 
707: 289 
708: 183 1404 
709: 0 2422 
710: 610 
711: 460 
712: 230 868 1364 1751 1802 1876 1893 2558 3219 3725 4128 
713: 85 3660 
714: 28 1009 1340 1715 1979 
715: 1 2140 2306 3178 3948 
716: 81 
717: 367 1087 1985 
718: 53 
719: 600 1137 2132 3361 4351 4998 
720: 63 1455 1626 
721: 118 
722: 270 2657 
723: 111 1552 1642 2187 2867 3121 4707 
724: 474 1650 3353 4319 4762 
725: 232 
726: 275 
727: 4 2815 3803 
728: 181 
729: 2 
730: 39 2880 
731: 97 
732: 155 1643 3667 
733: 518 
734: 182 1632 
735: 31 1357 
736: 297 1021 2003 4127 4594 
737: 1 1506 2082 3066 3273 4874 
738: 506 1306 3469 3512 
739: 221 
740: 2 1233 2999 3431 3788 4262 
741: 0 
742: 0 
743: 182 778 2986 
744: 643 
745: 23 1395 1940 2525 3728 
746: 454 
747: 1 
748: 71 3017 
749: 92 
750: 34 
751: 44 
752: 19 2572 4241 
753: 19 1838 2410 
754: 509 
755: 1 
756: 263 2323 3932 
757: 34 2396 2573 
758: 34 
759: 62 769 4475 
760: 71 3457 
761: 142 1045 1138 2101 
762: 181 
763: 313 3484 
764: 311 
765: 1 
766: 114 1382 4551 
767: 155 1750 
768: 39 859 
769: 759 3009 3926 4315 
770: 0 
771: 435 
772: 619 
773: 342 2868 3342 
774: 603 1523 
775: 331 2805 3609 
776: 391 2409 
777: 614 1203 4151 
778: 743 2297 
779: 25 
780: 1 
781: 189 2215 3072 
782: 549 2153 4803 
783: 84 
784: 459 1086 1962 2229 
785: 2 995 1745 
786: 28 1213 3123 
787: 163 2749 3801 4954 
788: 97 1170 
789: 425 
790: 454 
791: 561 863 965 2412 2789 
792: 5 
793: 121 
794: 222 2145 2384 3407 3561 3768 4286 4860 
795: 80 1301 1332 1990 2730 4603 
796: 181 
797: 357 958 1606 1735 1824 2104 2946 3157 3255 4453 
798: 61 
799: 504 1654 
800: 243 
801: 289 2235 
802: 524 1100 
803: 330 1443 2387 2911 3544 
804: 216 
805: 212 824 862 
806: 503 3928 
807: 309 4159 
808: 47 2062 
809: 419 
810: 463 2940 4773 
811: 286 4784 
812: 85 1695 
813: 252 
814: 514 1545 
815: 1 1533 2625 
816: 80 
817: 76 
818: 487 1610 2030 2276 4790 
819: 216 
820: 625 
821: 243 907 1206 1242 2004 2445 2790 4371 
822: 2 1211 1240 2807 3649 3846 4724 4992 
823: 0 
824: 805 3217 
825: 597 1271 1499 
826: 671 1142 1592 2886 
827: 210 
828: 255 2048 
829: 508 1091 1897 2023 2590 2618 
830: 231 
831: 2 1043 1627 3577 
832: 372 1972 2267 
833: 621 
834: 10 
835: 103 
836: 621 
837: 174 1330 
838: 0 
839: 2 
840: 74 
841: 213 
842: 5 
843: 615 
844: 273 1126 
845: 149 1912 3253 
846: 514 1084 3857 
847: 19 
848: 381 
849: 113 
850: 91 4982 
851: 182 
852: 579 2043 3052 3106 
853: 1 3154 
854: 194 
855: 53 1926 
856: 18 2147 2491 4410 4723 
857: 375 
858: 2 2378 
859: 768 1350 4575 
860: 547 1057 
861: 50 
862: 805 1151 1347 3681 
863: 791 1661 1702 3530 
864: 200 
865: 609 1259 4122 
866: 69 
867: 280 
868: 712 
869: 22 1112 2909 2990 3340 3596 3899 
870: 262 1371 2689 3035 3871 
871: 44 1628 
872: 66 3993 
873: 542 1105 1329 1501 
874: 137 1083 
875: 622 
876: 12 973 1570 3063 3466 4559 
877: 450 1482 
878: 625 1879 
879: 666 2674 3838 
880: 217 
881: 85 
882: 439 
883: 236 905 1073 1461 2586 
884: 342 
885: 18 1760 
886: 701 3864 
887: 186 
888: 218 
889: 39 1348 
890: 63 1419 1597 1782 1887 2408 3763 4274 
891: 97 2638 2794 2798 3040 4044 4361 
892: 1 3041 
893: 547 
894: 19 
895: 13 2857 
896: 139 1579 2496 
897: 169 1561 1856 1953 4546 4859 4879 
898: 338 1737 3064 3362 4536 
899: 372 
900: 0 2294 4182 4838 
901: 653 
902: 0 1907 2014 2697 2929 3295 
903: 165 
904: 124 
905: 883 992 1104 
906: 124 2040 2768 3330 
907: 821 
908: 333 
909: 166 1128 2751 
910: 617 
911: 85 1811 
912: 370 4354 
913: 197 
914: 358 1191 
915: 232 
916: 397 
917: 599 
918: 46 
919: 85 1293 1451 
920: 242 
921: 31 990 1445 3128 4270 
922: 357 939 
923: 337 1458 1732 4015 
924: 584 
925: 91 1858 
926: 187 1317 
927: 9 
928: 1 
929: 494 
930: 588 
931: 556 1648 
932: 114 4024 
933: 560 1777 3227 
934: 255 1459 2182 2453 3983 4135 
935: 39 
936: 536 986 1098 2828 
937: 28 2863 
938: 55 1863 
939: 922 2538 2877 
940: 232 
941: 527 3036 
942: 454 
943: 316 
944: 1 1085 
945: 487 2278 3702 
946: 5 991 1035 1611 2519 3797 
947: 507 
948: 24 4377 
949: 657 1562 
950: 577 3267 4281 4597 
951: 142 3028 
952: 533 
953: 218 3132 
954: 323 
955: 263 
956: 216 1328 1417 
957: 128 1279 
958: 797 2152 4912 
959: 2 2574 4175 
960: 142 2377 
961: 83 1532 3013 3876 
962: 305 
963: 697 2200 3152 3709 
964: 191 
965: 791 1578 2495 2561 3393 3778 4385 
966: 357 
967: 605 1899 
968: 124 4865 
969: 577 
970: 1 
971: 194 1269 1690 1916 2554 4641 
972: 256 
973: 876 1023 3480 
974: 236 3382 4858 
975: 198 4168 4339 
976: 282 
977: 666 1935 2310 2992 4683 
978: 670 1059 1477 3313 
979: 1 1052 1492 2117 3760 
980: 508 
981: 104 1662 
982: 114 
983: 566 
984: 287 1039 
985: 85 2264 
986: 936 
987: 183 1757 1770 2778 
988: 649 
989: 97 1731 
990: 921 1486 1692 
991: 946 4659 
992: 905 2355 2361 
993: 230 
994: 621 1308 1430 
995: 785 1295 1310 2092 2435 
996: 287 
997: 471 2159 
998: 343 
999: 34 1032 1414 3845 
1000: 213 
1001: 181 1006 1403 
1002: 351 2921 3367 
1003: 460 1472 1992 
1004: 36 
1005: 328 1416 
1006: 1001 1432 
1007: 381 
1008: 92 1316 1551 
1009: 714 1397 2164 3860 4777 
1010: 640 1504 
1011: 1 2414 
1012: 396 
1013: 478 
1014: 358 1184 
1015: 53 2560 
1016: 667 1997 
1017: 327 
1018: 196 1429 1479 1516 2766 3260 3411 4921 
1019: 0 
1020: 91 
1021: 736 
1022: 53 2122 2375 2851 2908 
1023: 973 1421 1602 1633 
1024: 299 1652 
1025: 363 1914 3056 3939 4123 
1026: 0 1529 1764 
1027: 38 
1028: 351 
1029: 398 
1030: 439 1251 
1031: 2 1088 1556 
1032: 999 1176 3008 4437 
1033: 646 3122 3196 
1034: 32 1813 
1035: 946 1131 
1036: 635 1415 
1037: 15 
1038: 323 
1039: 984 2037 3687 
1040: 32 
1041: 692 2810 2830 
1042: 272 2073 
1043: 831 2237 3308 4698 4999 
1044: 160 3947 
1045: 761 
1046: 48 2944 
1047: 92 1399 1639 2327 3918 
1048: 15 
1049: 81 1582 3033 
1050: 18 3481 
1051: 250 1247 1707 3493 3635 3689 4525 4614 
1052: 979 3995 
1053: 1 1311 1365 2272 4329 
1054: 0 
1055: 309 
1056: 114 1448 1911 2128 
1057: 860 1345 1548 2596 2991 3316 4263 4490 
1058: 96 1522 
1059: 978 2367 
1060: 93 
1061: 166 1180 1441 2425 2996 4338 
1062: 580 
1063: 438 1155 
1064: 91 
1065: 533 1095 2343 2952 
1066: 331 1804 4019 
1067: 34 
1068: 421 3626 4428 
1069: 1 2471 2659 3215 
1070: 454 
1071: 0 
1072: 34 
1073: 883 1493 4088 
1074: 196 2088 2463 3025 3293 
1075: 42 1427 2715 
1076: 593 
1077: 1 1249 2247 2482 4323 
1078: 456 
1079: 28 3058 3339 
1080: 22 1783 1832 1934 2257 3270 4460 4544 4625 
1081: 570 1268 2108 2150 4001 
1082: 610 3825 
1083: 874 4178 
1084: 846 
1085: 944 1861 
1086: 784 3221 4495 4642 
1087: 717 1351 2052 2580 2664 
1088: 1031 1913 
1089: 80 
1090: 18 
1091: 829 
1092: 68 1107 
1093: 420 
1094: 342 
1095: 1065 1143 4537 4543 
1096: 396 1228 2529 
1097: 153 
1098: 936 1369 2774 2862 2875 
1099: 494 
1100: 802 
1101: 155 
1102: 643 1758 2411 
1103: 372 1186 2440 4514 
1104: 905 
1105: 873 3929 
1106: 287 
1107: 1092 
1108: 31 
1109: 99 3417 
1110: 0 1149 
1111: 208 
1112: 869 
1113: 226 2527 
1114: 629 2605 
1115: 542 2179 
1116: 0 3271 
1117: 71 2481 
1118: 270 
1119: 1 2262 3452 4661 
1120: 44 1655 3453 3852 
1121: 196 4192 
1122: 328 
1123: 2 
1124: 191 1713 
1125: 509 3432 
1126: 844 
1127: 412 
1128: 909 1336 
1129: 87 
1130: 103 3349 
1131: 1035 2284 
1132: 213 
1133: 540 4308 
1134: 424 
1135: 2 1649 2211 3000 3319 3520 
1136: 631 3700 4812 
1137: 719 
1138: 761 
1139: 183 
1140: 24 
1141: 146 2236 
1142: 826 
1143: 1095 2199 
1144: 685 1325 2643 3321 
1145: 466 
1146: 121 1923 
1147: 28 1827 2949 
1148: 32 
1149: 1110 1304 4538 
1150: 4 1878 3286 
1151: 862 
1152: 191 1431 1969 2313 4124 4335 4853 
1153: 352 3602 
1154: 639 
1155: 1063 1739 
1156: 194 
1157: 297 
1158: 28 2291 2640 4129 
1159: 18 
1160: 114 4449 4995 
1161: 85 2488 3423 3963 
1162: 252 2300 
1163: 255 
1164: 537 1689 1698 
1165: 234 2962 3817 
1166: 2 1714 
1167: 426 2223 
1168: 491 4291 
1169: 374 1373 
1170: 788 2029 
1171: 622 
1172: 16 1767 3461 
1173: 655 3673 
1174: 105 
1175: 246 
1176: 1032 
1177: 39 
1178: 229 3272 
1179: 71 3315 4343 
1180: 1061 
1181: 605 
1182: 210 2514 4648 
1183: 521 
1184: 1014 
1185: 15 1391 1402 
1186: 1103 3248 4938 
1187: 200 
1188: 5 1763 2061 
1189: 31 
1190: 97 2720 2866 
1191: 914 
1192: 94 2168 2693 
1193: 282 3535 4152 
1194: 221 
1195: 1 
1196: 494 2051 2895 
1197: 18 2444 3994 
1198: 121 1302 1407 2764 
1199: 194 
1200: 149 2736 2916 2966 3621 
1201: 503 
1202: 90 4409 
1203: 777 2553 
1204: 129 
1205: 524 
1206: 821 1736 
1207: 104 
1208: 466 
1209: 274 2143 
1210: 580 1528 2462 4290 
1211: 822 1250 1546 4680 
1212: 230 1253 4926 
1213: 786 
1214: 159 1670 
1215: 68 
1216: 175 
1217: 329 3653 
1218: 73 2362 
1219: 119 
1220: 10 
1221: 30 
1222: 1 3840 
1223: 372 1967 
1224: 216 2261 2423 3496 3564 3648 
1225: 19 1772 
1226: 3 
1227: 654 
1228: 1096 1294 
1229: 141 
1230: 183 2797 
1231: 0 
1232: 32 4862 
1233: 740 
1234: 119 
1235: 42 3988 
1236: 55 
1237: 274 
1238: 19 
1239: 31 4429 
1240: 822 
1241: 32 
1242: 821 1549 
1243: 22 
1244: 42 4496 
1245: 86 
1246: 282 
1247: 1051 
1248: 196 2477 2888 4423 
1249: 1077 1319 1386 3490 
1250: 1211 
1251: 1030 
1252: 10 
1253: 1212 
1254: 1 
1255: 0 1438 1978 4704 
1256: 250 
1257: 471 4282 4679 4898 
1258: 1 1621 2429 
1259: 865 
1260: 501 
1261: 21 
1262: 537 
1263: 17 
1264: 28 
1265: 46 1909 
1266: 0 2703 
1267: 249 1781 1803 2357 2534 
1268: 1081 4002 
1269: 971 
1270: 84 
1271: 825 
1272: 155 4180 
1273: 418 
1274: 387 
1275: 31 
1276: 297 
1277: 628 4325 4355 4832 
1278: 60 
1279: 957 
1280: 69 
1281: 414 
1282: 1 
1283: 62 
1284: 182 
1285: 414 1818 
1286: 92 
1287: 9 
1288: 484 1375 2049 2103 2118 3978 
1289: 92 4036 
1290: 222 
1291: 375 
1292: 2 
1293: 919 4996 
1294: 1228 
1295: 995 
1296: 158 4486 4934 
1297: 182 3376 
1298: 54 
1299: 33 1796 
1300: 113 
1301: 795 1534 
1302: 1198 3623 
1303: 0 1344 2125 3374 
1304: 1149 
1305: 189 3638 
1306: 738 1439 1677 1924 3606 4287 
1307: 234 3704 
1308: 994 
1309: 1 2906 4831 
1310: 995 1944 
1311: 1053 
1312: 183 2772 3098 
1313: 16 
1314: 0 
1315: 622 
1316: 1008 
1317: 926 2072 3887 3977 
1318: 89 
1319: 1249 
1320: 520 2566 
1321: 111 2833 3478 4627 
1322: 114 1646 1795 4585 
1323: 30 
1324: 327 
1325: 1144 1806 
1326: 2 
1327: 18 2027 
1328: 956 
1329: 873 1921 2997 3073 
1330: 837 2589 4101 
1331: 634 
1332: 795 
1333: 55 
1334: 244 3583 
1335: 70 
1336: 1128 4402 
1337: 33 2111 3782 
1338: 503 4713 
1339: 295 
1340: 714 2793 
1341: 398 3460 
1342: 35 
1343: 324 2404 2456 2559 4181 
1344: 1303 1877 2619 4664 
1345: 1057 1374 
1346: 454 1839 3388 
1347: 862 
1348: 889 1541 2039 2067 2666 
1349: 192 
1350: 859 
1351: 1087 4186 
1352: 367 
1353: 1 
1354: 566 
1355: 19 
1356: 39 
1357: 735 
1358: 80 
1359: 18 
1360: 51 4637 
1361: 81 
1362: 18 
1363: 601 
1364: 712 1712 2342 
1365: 1053 4652 
1366: 85 
1367: 53 
1368: 289 1700 1986 
1369: 1098 
1370: 175 1469 
1371: 870 
1372: 657 2931 
1373: 1169 2266 
1374: 1345 4808 
1375: 1288 2391 2575 
1376: 549 2754 3276 
1377: 53 4692 
1378: 275 4561 
1379: 393 2184 
1380: 578 
1381: 124 
1382: 766 
1383: 19 3347 4628 
1384: 55 3281 3428 4787 
1385: 359 4871 
1386: 1249 2283 
1387: 398 3405 
1388: 91 1859 
1389: 255 
1390: 0 2075 3759 
1391: 1185 2225 
1392: 365 3485 
1393: 491 2099 2612 
1394: 455 1747 3584 4864 
1395: 745 4320 
1396: 182 3537 4660 4888 
1397: 1009 
1398: 517 
1399: 1047 
1400: 93 
1401: 0 
1402: 1185 
1403: 1001 4204 4755 
1404: 708 
1405: 533 
1406: 31 2505 3238 
1407: 1198 
1408: 189 
1409: 31 1775 2526 
1410: 163 4547 
1411: 52 1730 
1412: 528 
1413: 2 
1414: 999 
1415: 1036 
1416: 1005 
1417: 956 3755 
1418: 562 2346 4581 
1419: 890 
1420: 200 
1421: 1023 
1422: 339 
1423: 255 2464 
1424: 217 
1425: 146 3483 
1426: 104 3723 
1427: 1075 3590 
1428: 582 
1429: 1018 
1430: 994 
1431: 1152 
1432: 1006 3049 4872 
1433: 125 2091 2532 
1434: 597 1513 2120 2549 3153 4941 
1435: 229 
1436: 65 
1437: 300 
1438: 1255 2243 2251 
1439: 1306 
1440: 17 
1441: 1061 
1442: 19 1530 1817 
1443: 803 
1444: 550 2169 
1445: 921 3169 
1446: 281 1524 2293 
1447: 659 
1448: 1056 2385 2968 4732 
1449: 584 
1450: 1 
1451: 919 
1452: 19 4061 
1453: 2 
1454: 289 3465 
1455: 720 1705 2984 3323 3506 4172 
1456: 55 2582 2622 
1457: 146 2069 2269 3414 
1458: 923 
1459: 934 
1460: 390 
1461: 883 1771 3439 
1462: 318 
1463: 467 4493 
1464: 0 
1465: 91 1542 1744 4322 
1466: 219 2933 
1467: 593 2784 
1468: 94 
1469: 1370 2006 
1470: 18 3587 
1471: 230 3671 
1472: 1003 
1473: 85 3718 3895 
1474: 628 2439 3105 
1475: 659 
1476: 210 
1477: 978 
1478: 351 
1479: 1018 
1480: 128 
1481: 200 
1482: 877 
1483: 68 
1484: 635 
1485: 578 
1486: 990 1778 3026 3254 4727 
1487: 2 
1488: 639 
1489: 357 
1490: 361 3429 3811 4818 
1491: 31 
1492: 979 
1493: 1073 
1494: 359 
1495: 212 
1496: 5 
1497: 46 2478 4791 
1498: 275 
1499: 825 2603 2972 3600 
1500: 663 1667 1994 2441 2623 4248 4620 
1501: 873 
1502: 255 
1503: 93 
1504: 1010 2119 3250 
1505: 673 
1506: 737 1841 2781 3302 
1507: 626 4772 
1508: 450 
1509: 137 2022 4817 4821 
1510: 62 
1511: 208 2957 
1512: 94 
1513: 1434 
1514: 508 1958 2221 2333 3541 
1515: 378 2924 2988 3615 
1516: 1018 
1517: 55 1600 
1518: 509 
1519: 124 2345 
1520: 310 3363 
1521: 471 
1522: 1058 1575 
1523: 774 
1524: 1446 1860 3516 
1525: 275 3208 
1526: 137 
1527: 1 1779 
1528: 1210 4512 
1529: 1026 
1530: 1442 2089 
1531: 1 3450 
1532: 961 
1533: 815 
1534: 1301 
1535: 535 
1536: 329 4233 
1537: 30 
1538: 183 
1539: 202 
1540: 387 
1541: 1348 2202 3445 
1542: 1465 
1543: 642 
1544: 623 
1545: 814 2360 4737 
1546: 1211 
1547: 90 
1548: 1057 3177 
1549: 1242 4431 
1550: 5 
1551: 1008 2728 2791 
1552: 723 1573 2193 3075 
1553: 547 1880 1952 3014 
1554: 81 
1555: 192 
1556: 1031 
1557: 1 
1558: 643 4601 
1559: 151 1866 2698 3180 
1560: 481 
1561: 897 
1562: 949 
1563: 367 
1564: 105 1724 1776 
1565: 17 
1566: 18 
1567: 232 
1568: 21 
1569: 480 2034 
1570: 876 
1571: 701 
1572: 359 3547 
1573: 1552 
1574: 121 3669 
1575: 1522 1583 2350 
1576: 579 1624 4942 
1577: 288 4310 
1578: 965 3730 
1579: 896 
1580: 566 4208 
1581: 31 2389 4802 
1582: 1049 2374 
1583: 1575 1886 
1584: 0 2246 
1585: 55 
1586: 126 1769 
1587: 137 
1588: 195 
1589: 118 3477 4418 
1590: 622 
1591: 58 
1592: 826 1601 2641 
1593: 56 4948 
1594: 277 
1595: 96 
1596: 325 1932 
1597: 890 
1598: 81 
1599: 128 
1600: 1517 
1601: 1592 2599 2878 
1602: 1023 
1603: 35 
1604: 52 1882 
1605: 2 
1606: 797 
1607: 544 2174 
1608: 1 
1609: 0 
1610: 818 
1611: 946 
1612: 229 
1613: 119 
1614: 0 1790 2520 4976 
1615: 327 
1616: 592 
1617: 161 3402 
1618: 9 2581 
1619: 507 3582 
1620: 603 
1621: 1258 1855 4095 4677 
1622: 635 1666 2486 3740 
1623: 361 
1624: 1576 3514 3684 4855 
1625: 24 
1626: 720 
1627: 831 
1628: 871 3004 
1629: 433 
1630: 373 3449 
1631: 1 3664 
1632: 734 2134 2178 2226 2552 2700 3095 3968 4788 
1633: 1023 
1634: 33 2614 
1635: 0 
1636: 62 2244 4574 
1637: 346 3348 
1638: 282 
1639: 1047 
1640: 186 
1641: 58 4685 
1642: 723 2942 
1643: 732 1746 2576 2648 2711 4342 4565 4623 
1644: 2 4845 
1645: 98 
1646: 1322 
1647: 73 4967 
1648: 931 
1649: 1135 
1650: 724 
1651: 13 2763 
1652: 1024 
1653: 212 
1654: 799 4828 
1655: 1120 2024 3256 3833 
1656: 38 
1657: 71 
1658: 648 1697 
1659: 92 2356 2733 
1660: 118 
1661: 863 
1662: 981 
1663: 18 
1664: 313 2923 
1665: 227 3608 
1666: 1622 
1667: 1500 3232 4515 
1668: 389 2305 
1669: 473 
1670: 1214 
1671: 642 3176 3572 
1672: 487 
1673: 412 
1674: 92 2254 
1675: 625 
1676: 2 
1677: 1306 
1678: 12 
1679: 212 
1680: 1 
1681: 599 4731 
1682: 298 
1683: 146 
1684: 628 
1685: 154 
1686: 354 
1687: 18 2760 3204 
1688: 289 
1689: 1164 
1690: 971 2060 
1691: 18 
1692: 990 1930 1959 2192 2473 3129 4289 4441 
1693: 515 
1694: 157 
1695: 812 2093 
1696: 189 
1697: 1658 
1698: 1164 
1699: 2 
1700: 1368 
1701: 59 
1702: 863 1964 
1703: 651 3368 
1704: 196 4487 
1705: 1455 3438 
1706: 190 2493 2565 
1707: 1051 
1708: 62 
1709: 231 
1710: 599 3867 
1711: 34 3925 
1712: 1364 1949 4539 
1713: 1124 
1714: 1166 
1715: 714 2956 2994 
1716: 297 3011 
1717: 331 3385 3657 3904 
1718: 94 
1719: 166 
1720: 22 1814 4688 
1721: 2 
1722: 250 
1723: 553 
1724: 1564 
1725: 183 3077 3812 
1726: 280 
1727: 454 
1728: 18 2562 4382 
1729: 104 
1730: 1411 
1731: 989 
1732: 923 2680 
1733: 31 
1734: 699 
1735: 797 1928 3594 
1736: 1206 
1737: 898 3265 4149 
1738: 561 
1739: 1155 
1740: 447 1948 
1741: 38 
1742: 579 2887 
1743: 2 
1744: 1465 
1745: 785 
1746: 1643 2682 3104 4969 
1747: 1394 3839 
1748: 673 3062 
1749: 252 
1750: 767 3546 
1751: 712 
1752: 339 
1753: 639 
1754: 134 3552 
1755: 0 
1756: 65 2513 
1757: 987 4055 4618 
1758: 1102 
1759: 375 
1760: 885 2013 
1761: 124 
1762: 494 
1763: 1188 
1764: 1026 
1765: 252 
1766: 541 1826 3088 
1767: 1172 
1768: 119 
1769: 1586 1812 3240 4686 
1770: 987 
1771: 1461 1947 3813 
1772: 1225 
1773: 450 4345 
1774: 460 2186 2670 2752 
1775: 1409 
1776: 1564 4244 
1777: 933 
1778: 1486 2540 3742 4026 
1779: 1527 
1780: 494 2753 3738 4379 
1781: 1267 
1782: 890 
1783: 1080 
1784: 15 3747 4337 
1785: 92 
1786: 210 2475 
1787: 73 
1788: 161 2970 2987 3149 3338 
1789: 337 3556 3631 
1790: 1614 1799 1874 3974 
1791: 507 3225 
1792: 111 
1793: 189 2214 
1794: 470 
1795: 1322 
1796: 1299 
1797: 583 2175 
1798: 133 
1799: 1790 4229 
1800: 439 4223 
1801: 28 
1802: 712 2430 
1803: 1267 
1804: 1066 2041 3377 
1805: 5 1825 1975 
1806: 1325 
1807: 691 
1808: 2 1883 2309 3616 
1809: 114 
1810: 490 
1811: 911 
1812: 1769 
1813: 1034 
1814: 1720 
1815: 33 4510 
1816: 141 
1817: 1442 1845 
1818: 1285 
1819: 618 1892 
1820: 219 
1821: 17 
1822: 197 
1823: 71 
1824: 797 
1825: 1805 
1826: 1766 2652 3300 
1827: 1147 
1828: 401 
1829: 255 3943 
1830: 46 3456 4442 
1831: 246 4413 
1832: 1080 4553 
1833: 618 
1834: 324 
1835: 354 4154 
1836: 667 
1837: 31 3243 
1838: 753 
1839: 1346 
1840: 93 2065 
1841: 1506 
1842: 131 
1843: 34 
1844: 589 3093 
1845: 1817 
1846: 73 
1847: 549 
1848: 118 
1849: 643 
1850: 363 3189 
1851: 65 
1852: 404 
1853: 182 1889 1890 3258 
1854: 192 
1855: 1621 
1856: 897 3573 4383 
1857: 2 
1858: 925 
1859: 1388 3884 4084 4114 4505 
1860: 1524 
1861: 1085 
1862: 231 2747 
1863: 938 
1864: 367 
1865: 235 
1866: 1559 
1867: 1 2007 3443 4232 4390 4783 
1868: 263 
1869: 94 
1870: 5 
1871: 39 2617 3269 
1872: 470 
1873: 158 
1874: 1790 3560 4571 
1875: 673 
1876: 712 
1877: 1344 
1878: 1150 
1879: 878 1896 
1880: 1553 
1881: 2 2821 
1882: 1604 
1883: 1808 
1884: 188 
1885: 239 1936 4107 
1886: 1583 2017 
1887: 890 1974 4751 
1888: 359 4113 4392 
1889: 1853 
1890: 1853 2203 2656 3275 3837 4334 4963 
1891: 450 
1892: 1819 
1893: 712 2882 3136 3507 4979 
1894: 555 
1895: 19 2578 2902 3699 
1896: 1879 
1897: 829 2714 4893 
1898: 2 
1899: 967 
1900: 126 
1901: 17 2372 
1902: 398 2792 4485 4497 
1903: 17 
1904: 504 
1905: 2 2001 
1906: 17 
1907: 902 
1908: 183 3410 
1909: 1265 
1910: 17 3675 
1911: 1056 
1912: 845 4145 4369 
1913: 1088 2180 4820 
1914: 1025 
1915: 217 3856 
1916: 971 2136 
1917: 342 
1918: 255 
1919: 18 
1920: 599 
1921: 1329 
1922: 487 
1923: 1146 
1924: 1306 2890 
1925: 18 
1926: 855 2301 
1927: 77 3591 
1928: 1735 
1929: 272 
1930: 1692 
1931: 1 
1932: 1596 
1933: 189 3325 3341 
1934: 1080 
1935: 977 
1936: 1885 3391 3418 4197 
1937: 484 
1938: 231 
1939: 175 
1940: 745 3038 
1941: 164 
1942: 15 
1943: 120 
1944: 1310 4655 
1945: 124 2349 3923 
1946: 55 1970 3862 
1947: 1771 
1948: 1740 
1949: 1712 
1950: 556 2256 3403 
1951: 497 
1952: 1553 3522 3927 
1953: 897 
1954: 31 3892 
1955: 391 2506 
1956: 80 2116 3764 
1957: 612 
1958: 1514 
1959: 1692 
1960: 12 
1961: 367 4346 
1962: 784 2227 4774 
1963: 189 
1964: 1702 2077 2217 3954 4714 
1965: 101 
1966: 154 
1967: 1223 3188 3191 
1968: 17 3002 
1969: 1152 
1970: 1946 
1971: 568 
1972: 832 
1973: 618 2817 
1974: 1887 
1975: 1805 2151 
1976: 196 2844 
1977: 230 
1978: 1255 
1979: 714 
1980: 131 
1981: 617 
1982: 305 4606 
1983: 5 
1984: 1 
1985: 717 
1986: 1368 
1987: 68 2009 3836 4207 
1988: 435 
1989: 20 
1990: 795 4726 
1991: 23 
1992: 1003 
1993: 125 
1994: 1500 
1995: 444 4022 
1996: 614 
1997: 1016 4261 
1998: 387 2881 3245 3716 
1999: 15 
2000: 13 2059 
2001: 1905 3396 4447 
2002: 2 
2003: 736 2189 4091 
2004: 821 2813 4143 
2005: 0 
2006: 1469 
2007: 1867 
2008: 119 
2009: 1987 2718 
2010: 313 
2011: 387 
2012: 85 
2013: 1760 
2014: 902 4965 
2015: 63 4340 
2016: 2 
2017: 1886 
2018: 38 2086 
2019: 282 2303 
2020: 424 
2021: 182 
2022: 1509 
2023: 829 
2024: 1655 
2025: 149 
2026: 414 
2027: 1327 
2028: 1 
2029: 1170 3855 4555 
2030: 818 
2031: 271 
2032: 28 2347 4517 4905 
2033: 94 
2034: 1569 3192 4333 4691 
2035: 617 
2036: 15 2220 2609 4092 4741 
2037: 1039 3447 4364 
2038: 131 
2039: 1348 
2040: 906 
2041: 1804 4671 
2042: 17 3305 
2043: 852 4445 
2044: 628 
2045: 619 
2046: 182 
2047: 256 
2048: 828 
2049: 1288 
2050: 476 4041 4200 4251 
2051: 1196 
2052: 1087 
2053: 239 
2054: 142 
2055: 0 
2056: 69 
2057: 439 
2058: 108 4665 
2059: 2000 2744 3332 
2060: 1690 2336 2602 
2061: 1188 4768 
2062: 808 2502 3680 3869 
2063: 33 3384 
2064: 275 2544 
2065: 1840 2076 2395 3395 
2066: 547 
2067: 1348 2859 
2068: 419 3055 
2069: 1457 
2070: 192 
2071: 367 
2072: 1317 2161 2415 4440 
2073: 1042 
2074: 17 2232 2382 2521 3045 3327 3433 3446 4302 4399 4678 4810 
2075: 1390 
2076: 2065 
2077: 1964 
2078: 548 
2079: 642 
2080: 446 2325 4070 
2081: 509 
2082: 737 4906 
2083: 1 
2084: 1 
2085: 663 
2086: 2018 2176 
2087: 212 
2088: 1074 
2089: 1530 
2090: 184 
2091: 1433 
2092: 995 2129 
2093: 1695 
2094: 328 
2095: 267 
2096: 183 
2097: 17 
2098: 169 3559 
2099: 1393 
2100: 238 2403 
2101: 761 
2102: 242 
2103: 1288 
2104: 797 
2105: 518 
2106: 68 
2107: 548 3090 
2108: 1081 
2109: 15 
2110: 177 
2111: 1337 
2112: 635 
2113: 30 2196 
2114: 522 
2115: 343 
2116: 1956 
2117: 979 4293 
2118: 1288 
2119: 1504 
2120: 1434 
2121: 375 3164 
2122: 1022 
2123: 18 
2124: 76 
2125: 1303 
2126: 164 
2127: 352 
2128: 1056 
2129: 2092 
2130: 244 
2131: 219 
2132: 719 
2133: 128 
2134: 1632 2209 2597 
2135: 2 3786 
2136: 1916 
2137: 214 3488 
2138: 17 2759 3424 3492 4301 
2139: 70 
2140: 715 3777 
2141: 212 
2142: 0 3985 
2143: 1209 
2144: 191 4548 
2145: 794 
2146: 119 
2147: 856 
2148: 1 
2149: 289 
2150: 1081 
2151: 1975 
2152: 958 
2153: 782 2358 
2154: 431 2848 3346 
2155: 0 
2156: 87 
2157: 562 
2158: 704 
2159: 997 
2160: 310 
2161: 2072 
2162: 228 2234 3650 4840 
2163: 2 4144 
2164: 1009 
2165: 66 
2166: 309 
2167: 313 
2168: 1192 
2169: 1444 
2170: 47 
2171: 186 
2172: 345 
2173: 286 4830 
2174: 1607 2849 
2175: 1797 
2176: 2086 
2177: 592 
2178: 1632 
2179: 1115 3920 
2180: 1913 
2181: 597 
2182: 934 
2183: 4 
2184: 1379 
2185: 691 
2186: 1774 
2187: 723 4846 
2188: 1 
2189: 2003 
2190: 265 
2191: 356 
2192: 1692 
2193: 1552 
2194: 37 
2195: 61 3624 
2196: 2113 4674 
2197: 456 4311 4908 
2198: 38 
2199: 1143 
2200: 963 
2201: 550 3119 3824 
2202: 1541 
2203: 1890 
2204: 46 
2205: 673 
2206: 269 3907 3946 
2207: 92 
2208: 114 
2209: 2134 
2210: 351 2437 3736 4305 
2211: 1135 
2212: 465 
2213: 403 2402 2785 
2214: 1793 
2215: 781 4877 
2216: 255 
2217: 1964 
2218: 297 
2219: 289 
2220: 2036 4184 
2221: 1514 
2222: 2 
2223: 1167 
2224: 246 
2225: 1391 
2226: 1632 2668 
2227: 1962 3148 3959 3999 
2228: 454 3800 
2229: 784 2823 
2230: 459 
2231: 0 
2232: 2074 
2233: 328 4647 
2234: 2162 
2235: 801 4554 
2236: 1141 
2237: 1043 2418 
2238: 119 2457 
2239: 345 
2240: 270 
2241: 236 
2242: 132 
2243: 1438 2635 
2244: 1636 4861 
2245: 381 
2246: 1584 
2247: 1077 
2248: 675 2903 
2249: 621 3205 
2250: 1 
2251: 1438 
2252: 212 2777 3437 
2253: 21 
2254: 1674 
2255: 367 
2256: 1950 
2257: 1080 
2258: 34 3757 
2259: 28 
2260: 642 2900 4699 
2261: 1224 2451 4341 4433 
2262: 1119 3557 3842 4516 
2263: 162 3831 
2264: 985 
2265: 91 
2266: 1373 
2267: 832 
2268: 53 
2269: 1457 3203 3714 4052 
2270: 240 3539 3810 4519 4851 
2271: 511 2696 
2272: 1053 
2273: 206 3575 
2274: 375 2319 4935 
2275: 113 
2276: 818 4573 
2277: 700 
2278: 945 
2279: 494 
2280: 568 
2281: 654 
2282: 158 
2283: 1386 
2284: 1131 3980 
2285: 108 
2286: 342 
2287: 226 
2288: 554 
2289: 0 2841 
2290: 635 
2291: 1158 
2292: 390 
2293: 1446 4977 
2294: 900 
2295: 390 
2296: 395 4717 
2297: 778 
2298: 39 
2299: 687 
2300: 1162 
2301: 1926 3257 
2302: 231 
2303: 2019 
2304: 603 
2305: 1668 3298 
2306: 715 2381 4156 4432 
2307: 104 3545 3913 
2308: 2 
2309: 1808 
2310: 977 2322 2740 
2311: 216 3854 4363 
2312: 134 
2313: 1152 2678 
2314: 2 3454 3931 
2315: 21 
2316: 1 3234 
2317: 156 4048 
2318: 0 2390 
2319: 2274 3853 
2320: 507 
2321: 2 
2322: 2310 
2323: 756 
2324: 30 
2325: 2080 3614 4806 
2326: 535 
2327: 1047 
2328: 260 4038 
2329: 271 2332 
2330: 504 
2331: 1 
2332: 2329 
2333: 1514 3551 4163 
2334: 0 3076 3611 3630 
2335: 372 2897 3795 
2336: 2060 
2337: 547 4116 4823 
2338: 208 
2339: 9 
2340: 181 2594 2773 3936 4632 
2341: 2 
2342: 1364 
2343: 1065 3909 
2344: 178 4120 
2345: 1519 
2346: 1418 2713 
2347: 2032 3665 4602 
2348: 118 
2349: 1945 2691 
2350: 1575 
2351: 333 4524 
2352: 182 
2353: 0 2467 
2354: 544 
2355: 992 
2356: 1659 
2357: 1267 
2358: 2153 
2359: 8 
2360: 1545 
2361: 992 4080 
2362: 1218 4503 
2363: 645 
2364: 15 2370 2615 
2365: 687 3259 3542 
2366: 18 
2367: 1059 
2368: 93 
2369: 182 
2370: 2364 
2371: 490 4608 
2372: 1901 2530 
2373: 161 4358 
2374: 1582 4309 
2375: 1022 
2376: 473 4624 
2377: 960 
2378: 858 
2379: 39 
2380: 216 3701 3815 
2381: 2306 
2382: 2074 
2383: 323 
2384: 794 2948 3336 
2385: 1448 
2386: 182 
2387: 803 
2388: 232 4136 4164 
2389: 1581 
2390: 2318 
2391: 1375 
2392: 121 
2393: 1 
2394: 435 3174 3934 4247 
2395: 2065 
2396: 757 2447 
2397: 88 
2398: 90 
2399: 55 
2400: 2 
2401: 132 
2402: 2213 4569 
2403: 2100 
2404: 1343 
2405: 128 
2406: 619 
2407: 199 2551 4126 4470 
2408: 890 
2409: 776 
2410: 753 4993 
2411: 1102 
2412: 791 2663 2761 4417 
2413: 4 
2414: 1011 
2415: 2072 
2416: 184 
2417: 535 3317 
2418: 2237 
2419: 603 
2420: 252 
2421: 358 2500 2842 2876 2955 3279 3858 
2422: 709 
2423: 1224 
2424: 488 
2425: 1061 
2426: 5 
2427: 3 
2428: 418 4653 
2429: 1258 
2430: 1802 
2431: 625 4836 
2432: 99 
2433: 161 3823 
2434: 128 
2435: 995 
2436: 22 4909 
2437: 2210 
2438: 171 
2439: 1474 4499 
2440: 1103 2613 
2441: 1500 
2442: 118 
2443: 121 4368 
2444: 1197 
2445: 821 
2446: 161 
2447: 2396 3322 4697 
2448: 17 3781 3798 
2449: 121 
2450: 71 3193 3416 4257 
2451: 2261 2932 
2452: 685 
2453: 934 
2454: 658 4029 
2455: 618 
2456: 1343 
2457: 2238 
2458: 20 3567 
2459: 216 
2460: 372 
2461: 196 
2462: 1210 4491 
2463: 1074 
2464: 1423 
2465: 375 4852 
2466: 299 
2467: 2353 
2468: 162 
2469: 206 3592 4386 
2470: 66 3244 3961 
2471: 1069 
2472: 239 3289 
2473: 1692 
2474: 450 
2475: 1786 
2476: 504 
2477: 1248 
2478: 1497 
2479: 404 
2480: 8 4006 4792 
2481: 1117 2787 
2482: 1077 
2483: 100 
2484: 275 
2485: 4 
2486: 1622 
2487: 43 2930 4372 
2488: 1161 
2489: 0 
2490: 658 3937 
2491: 856 2871 
2492: 280 
2493: 1706 
2494: 561 
2495: 965 
2496: 896 
2497: 58 
2498: 439 
2499: 104 
2500: 2421 
2501: 68 
2502: 2062 3020 4021 
2503: 363 4477 
2504: 599 3521 
2505: 1406 
2506: 1955 
2507: 1 
2508: 158 4404 
2509: 0 
2510: 118 
2511: 103 
2512: 8 
2513: 1756 3228 
2514: 1182 
2515: 243 
2516: 2 2717 
2517: 222 
2518: 381 
2519: 946 
2520: 1614 
2521: 2074 2767 
2522: 1 3529 
2523: 358 
2524: 113 
2525: 745 
2526: 1409 
2527: 1113 
2528: 375 2874 
2529: 1096 
2530: 2372 
2531: 17 
2532: 1433 3421 
2533: 232 2808 4638 
2534: 1267 
2535: 0 
2536: 282 
2537: 31 
2538: 939 2918 
2539: 255 
2540: 1778 3247 
2541: 559 
2542: 24 
2543: 337 
2544: 2064 3264 4357 4966 
2545: 287 
2546: 48 
2547: 514 
2548: 568 
2549: 1434 
2550: 135 
2551: 2407 
2552: 1632 4439 
2553: 1203 
2554: 971 
2555: 212 
2556: 118 
2557: 77 
2558: 712 
2559: 1343 
2560: 1015 
2561: 965 
2562: 1728 
2563: 206 4138 
2564: 178 
2565: 1706 
2566: 1320 
2567: 94 4535 
2568: 373 
2569: 389 
2570: 617 3956 
2571: 359 
2572: 752 
2573: 757 4468 
2574: 959 
2575: 1375 4725 
2576: 1643 
2577: 250 3808 
2578: 1895 
2579: 212 
2580: 1087 3749 
2581: 1618 
2582: 1456 
2583: 19 
2584: 0 
2585: 441 3850 
2586: 883 
2587: 28 2893 
2588: 219 2934 
2589: 1330 
2590: 829 3029 3082 3641 
2591: 0 
2592: 590 4066 
2593: 274 
2594: 2340 
2595: 239 
2596: 1057 
2597: 2134 
2598: 93 
2599: 1601 
2600: 5 
2601: 381 
2602: 2060 
2603: 1499 4089 
2604: 471 
2605: 1114 
2606: 118 
2607: 218 4139 
2608: 487 
2609: 2036 
2610: 223 
2611: 65 2636 3201 
2612: 1393 
2613: 2440 
2614: 1634 2655 
2615: 2364 3463 
2616: 4 4177 
2617: 1871 
2618: 829 
2619: 1344 
2620: 31 
2621: 1 4749 
2622: 1456 
2623: 1500 
2624: 1 
2625: 815 2983 
2626: 543 
2627: 65 
2628: 71 
2629: 685 
2630: 219 
2631: 18 
2632: 15 3843 
2633: 1 
2634: 124 
2635: 2243 3067 3880 
2636: 2611 3805 
2637: 30 
2638: 891 2687 
2639: 106 
2640: 1158 
2641: 1592 
2642: 28 
2643: 1144 3748 
2644: 2 
2645: 85 
2646: 74 
2647: 0 
2648: 1643 
2649: 142 2667 3633 4344 
2650: 2 
2651: 29 
2652: 1826 
2653: 194 
2654: 62 
2655: 2614 
2656: 1890 3832 
2657: 722 2671 4748 
2658: 558 4892 
2659: 1069 
2660: 65 
2661: 0 
2662: 703 
2663: 2412 
2664: 1087 
2665: 466 4591 
2666: 1348 
2667: 2649 2756 
2668: 2226 4584 
2669: 1 
2670: 1774 
2671: 2657 4304 
2672: 58 3468 
2673: 0 3365 
2674: 879 
2675: 18 3508 
2676: 28 
2677: 196 
2678: 2313 
2679: 121 
2680: 1732 3053 
2681: 81 
2682: 1746 
2683: 226 
2684: 189 
2685: 216 3955 
2686: 98 3765 
2687: 2638 
2688: 159 2729 
2689: 870 
2690: 124 
2691: 2349 
2692: 667 
2693: 1192 
2694: 593 
2695: 395 4456 4582 
2696: 2271 
2697: 902 
2698: 1559 2960 3084 4577 
2699: 331 
2700: 1632 
2701: 23 3574 
2702: 663 
2703: 1266 4640 
2704: 601 
2705: 139 
2706: 366 
2707: 205 
2708: 522 
2709: 129 
2710: 28 
2711: 1643 
2712: 555 4395 
2713: 2346 
2714: 1897 4011 
2715: 1075 3809 
2716: 325 
2717: 2516 
2718: 2009 
2719: 511 
2720: 1190 
2721: 94 3051 4153 
2722: 183 
2723: 391 
2724: 153 
2725: 245 3682 
2726: 19 
2727: 0 
2728: 1551 
2729: 2688 
2730: 795 3695 4856 4930 
2731: 41 3991 4568 4580 
2732: 119 4766 
2733: 1659 
2734: 546 
2735: 486 
2736: 1200 3644 
2737: 327 
2738: 19 
2739: 388 
2740: 2310 
2741: 182 
2742: 118 4464 
2743: 559 
2744: 2059 
2745: 231 
2746: 374 
2747: 1862 2788 
2748: 142 
2749: 787 
2750: 83 
2751: 909 
2752: 1774 
2753: 1780 
2754: 1376 
2755: 31 
2756: 2667 
2757: 441 
2758: 603 2913 
2759: 2138 2775 
2760: 1687 3534 
2761: 2412 
2762: 252 3099 4434 
2763: 1651 3497 
2764: 1198 
2765: 62 3345 4479 
2766: 1018 
2767: 2521 
2768: 906 
2769: 20 
2770: 86 3540 4798 
2771: 183 
2772: 1312 
2773: 2340 
2774: 1098 
2775: 2759 
2776: 19 
2777: 2252 
2778: 987 
2779: 212 4782 
2780: 628 
2781: 1506 
2782: 53 
2783: 33 4902 
2784: 1467 
2785: 2213 3277 3299 
2786: 1 
2787: 2481 
2788: 2747 4276 
2789: 791 
2790: 821 
2791: 1551 
2792: 1902 4374 
2793: 1340 
2794: 891 
2795: 584 3527 
2796: 167 3284 
2797: 1230 3335 3911 
2798: 891 4073 4312 4656 
2799: 293 
2800: 359 
2801: 250 
2802: 507 3715 3982 
2803: 507 
2804: 108 
2805: 775 3997 
2806: 47 
2807: 822 
2808: 2533 3207 
2809: 42 
2810: 1041 
2811: 28 3251 
2812: 142 
2813: 2004 
2814: 3 3655 
2815: 727 
2816: 37 
2817: 1973 
2818: 1 4764 
2819: 219 
2820: 244 
2821: 1881 
2822: 24 
2823: 2229 
2824: 69 3558 
2825: 11 4756 
2826: 108 
2827: 4 
2828: 936 
2829: 367 
2830: 1041 
2831: 47 
2832: 478 
2833: 1321 4563 
2834: 367 3162 4321 
2835: 12 
2836: 682 
2837: 223 3222 4622 
2838: 248 
2839: 12 
2840: 212 
2841: 2289 4356 
2842: 2421 
2843: 113 
2844: 1976 
2845: 91 3804 
2846: 85 
2847: 372 
2848: 2154 3883 
2849: 2174 3163 3785 4489 4711 
2850: 618 
2851: 1022 
2852: 643 
2853: 104 
2854: 258 3915 
2855: 471 3211 
2856: 289 3727 4666 
2857: 895 3021 4955 
2858: 138 
2859: 2067 
2860: 388 4387 
2861: 249 
2862: 1098 
2863: 937 
2864: 17 
2865: 2 
2866: 1190 
2867: 723 
2868: 773 
2869: 507 4675 
2870: 42 
2871: 2491 
2872: 0 
2873: 287 
2874: 2528 2927 
2875: 1098 4171 
2876: 2421 
2877: 939 
2878: 1601 4509 
2879: 73 
2880: 730 
2881: 1998 3986 
2882: 1893 4532 
2883: 137 
2884: 561 
2885: 95 
2886: 826 
2887: 1742 
2888: 1248 
2889: 46 4911 
2890: 1924 
2891: 1 4045 
2892: 357 
2893: 2587 
2894: 2 3619 
2895: 1196 
2896: 242 
2897: 2335 
2898: 219 3043 4882 
2899: 690 4716 
2900: 2260 
2901: 84 
2902: 1895 
2903: 2248 3010 3140 3502 
2904: 125 4085 4781 
2905: 391 3688 
2906: 1309 
2907: 274 3216 
2908: 1022 
2909: 869 3387 3794 
2910: 11 
2911: 803 4636 
2912: 139 
2913: 2758 
2914: 17 2982 3960 4023 4176 
2915: 0 
2916: 1200 
2917: 18 4004 
2918: 2538 
2919: 230 
2920: 566 4037 
2921: 1002 
2922: 210 
2923: 1664 4927 
2924: 1515 
2925: 533 
2926: 217 
2927: 2874 
2928: 5 
2929: 902 4189 
2930: 2487 
2931: 1372 
2932: 2451 
2933: 1466 
2934: 2588 
2935: 282 
2936: 18 
2937: 71 3958 4166 
2938: 289 
2939: 252 3471 3586 4210 4222 4947 
2940: 810 3210 
2941: 163 
2942: 1642 
2943: 24 2980 
2944: 1046 
2945: 265 
2946: 797 3113 3967 
2947: 674 4763 
2948: 2384 
2949: 1147 
2950: 146 3735 3908 4842 
2951: 507 
2952: 1065 
2953: 30 
2954: 1 
2955: 2421 3337 
2956: 1715 
2957: 1511 
2958: 135 
2959: 31 
2960: 2698 
2961: 162 3922 
2962: 1165 
2963: 194 
2964: 137 
2965: 305 
2966: 1200 
2967: 528 3538 
2968: 1448 4786 
2969: 622 
2970: 1788 
2971: 81 
2972: 1499 3120 
2973: 12 4280 
2974: 216 4366 
2975: 39 
2976: 240 
2977: 398 
2978: 1 
2979: 115 
2980: 2943 
2981: 487 
2982: 2914 3161 3179 
2983: 2625 3498 4501 
2984: 1455 
2985: 275 
2986: 743 
2987: 1788 
2988: 1515 
2989: 70 3713 4174 
2990: 869 4589 
2991: 1057 
2992: 977 
2993: 252 
2994: 1715 3186 3698 
2995: 506 
2996: 1061 3024 
2997: 1329 
2998: 52 3280 
2999: 740 
3000: 1135 
3001: 27 
3002: 1968 
3003: 2 
3004: 1628 
3005: 38 
3006: 46 
3007: 351 
3008: 1032 
3009: 769 
3010: 2903 
3011: 1716 3359 3515 
3012: 190 4850 
3013: 961 
3014: 1553 
3015: 414 
3016: 34 3874 
3017: 748 
3018: 19 3776 
3019: 391 
3020: 2502 
3021: 2857 4885 
3022: 658 
3023: 167 
3024: 2996 
3025: 1074 
3026: 1486 
3027: 618 
3028: 951 
3029: 2590 
3030: 566 
3031: 142 
3032: 128 
3033: 1049 
3034: 619 
3035: 870 4511 
3036: 941 
3037: 2 
3038: 1940 
3039: 182 
3040: 891 
3041: 892 3576 
3042: 115 3902 
3043: 2898 3863 
3044: 189 
3045: 2074 
3046: 389 
3047: 299 
3048: 71 3489 
3049: 1432 4278 4451 
3050: 5 3472 3859 4458 
3051: 2721 
3052: 852 3133 
3053: 2680 
3054: 374 3135 3397 4391 
3055: 2068 3401 4053 
3056: 1025 
3057: 92 3548 3896 4780 
3058: 1079 3981 
3059: 55 
3060: 81 3949 
3061: 104 
3062: 1748 
3063: 876 
3064: 898 
3065: 16 3503 
3066: 737 
3067: 2635 
3068: 28 
3069: 134 4709 
3070: 141 
3071: 24 
3072: 781 
3073: 1329 
3074: 104 
3075: 1552 
3076: 2334 4894 
3077: 1725 
3078: 174 
3079: 146 
3080: 22 3553 
3081: 91 
3082: 2590 
3083: 199 4081 
3084: 2698 
3085: 367 
3086: 32 
3087: 230 3499 
3088: 1766 
3089: 54 
3090: 2107 
3091: 152 
3092: 232 4649 
3093: 1844 
3094: 687 
3095: 1632 3241 
3096: 503 
3097: 1 
3098: 1312 4235 
3099: 2762 
3100: 43 
3101: 547 
3102: 32 
3103: 593 
3104: 1746 
3105: 1474 
3106: 852 
3107: 252 
3108: 331 
3109: 31 4031 4436 
3110: 459 
3111: 86 
3112: 275 
3113: 2946 
3114: 24 
3115: 232 3379 
3116: 524 
3117: 85 4378 
3118: 97 
3119: 2201 
3120: 2972 
3121: 723 3696 
3122: 1033 
3123: 786 
3124: 603 3390 
3125: 212 
3126: 31 
3127: 212 
3128: 921 
3129: 1692 
3130: 305 
3131: 55 3406 
3132: 953 
3133: 3052 
3134: 618 
3135: 3054 
3136: 1893 
3137: 227 
3138: 334 4891 
3139: 151 
3140: 2903 
3141: 20 
3142: 476 
3143: 166 
3144: 590 
3145: 415 4072 
3146: 4 4412 4913 
3147: 375 4600 
3148: 2227 
3149: 1788 
3150: 618 
3151: 4 
3152: 963 4165 
3153: 1434 
3154: 853 4988 
3155: 142 
3156: 1 4593 
3157: 797 
3158: 544 
3159: 589 4444 
3160: 487 3772 
3161: 2982 
3162: 2834 
3163: 2849 
3164: 2121 4259 
3165: 31 
3166: 58 3579 4513 4654 4917 
3167: 456 
3168: 133 3220 3536 3865 
3169: 1445 4701 
3170: 618 
3171: 17 
3172: 97 4550 
3173: 1 4819 
3174: 2394 
3175: 9 3979 4147 
3176: 1671 4074 
3177: 1548 4586 
3178: 715 
3179: 2982 
3180: 1559 
3181: 252 
3182: 124 3331 4394 
3183: 1 
3184: 96 
3185: 555 
3186: 2994 4754 4870 
3187: 18 4498 
3188: 1967 
3189: 1850 3970 
3190: 183 
3191: 1967 
3192: 2034 
3193: 2450 
3194: 53 
3195: 2 
3196: 1033 
3197: 359 
3198: 53 
3199: 249 
3200: 89 
3201: 2611 
3202: 18 3790 
3203: 2269 
3204: 1687 
3205: 2249 3415 4760 4770 
3206: 228 
3207: 2808 
3208: 1525 
3209: 687 4167 
3210: 2940 
3211: 2855 3420 
3212: 299 
3213: 42 
3214: 182 
3215: 1069 
3216: 2907 
3217: 824 
3218: 704 
3219: 712 
3220: 3168 
3221: 1086 
3222: 2837 
3223: 232 
3224: 528 
3225: 1791 
3226: 453 
3227: 933 
3228: 2513 
3229: 212 
3230: 18 4398 
3231: 80 
3232: 1667 
3233: 457 3237 4570 
3234: 2316 
3235: 478 
3236: 299 4195 4375 
3237: 3233 3746 
3238: 1406 4811 
3239: 2 
3240: 1769 
3241: 3095 
3242: 19 
3243: 1837 
3244: 2470 
3245: 1998 
3246: 141 
3247: 2540 
3248: 1186 
3249: 356 3775 
3250: 1504 
3251: 2811 
3252: 257 
3253: 845 
3254: 1486 
3255: 797 
3256: 1655 
3257: 2301 
3258: 1853 
3259: 2365 
3260: 1018 
3261: 287 
3262: 544 
3263: 142 
3264: 2544 
3265: 1737 3532 4199 
3266: 92 
3267: 950 
3268: 6 
3269: 1871 
3270: 1080 
3271: 1116 
3272: 1178 
3273: 737 
3274: 625 
3275: 1890 
3276: 1376 
3277: 2785 
3278: 641 
3279: 2421 
3280: 2998 
3281: 1384 
3282: 16 
3283: 183 
3284: 2796 
3285: 640 
3286: 1150 
3287: 517 
3288: 657 
3289: 2472 
3290: 126 
3291: 219 3486 3686 
3292: 272 
3293: 1074 
3294: 31 
3295: 902 
3296: 108 
3297: 260 
3298: 2305 
3299: 2785 
3300: 1826 
3301: 33 
3302: 1506 
3303: 378 
3304: 520 
3305: 2042 
3306: 189 
3307: 18 
3308: 1043 
3309: 212 
3310: 1 
3311: 292 
3312: 287 
3313: 978 
3314: 167 
3315: 1179 4283 
3316: 1057 4087 
3317: 2417 
3318: 375 
3319: 1135 
3320: 230 
3321: 1144 
3322: 2447 
3323: 1455 
3324: 15 
3325: 1933 
3326: 43 4326 
3327: 2074 
3328: 366 
3329: 1 3462 
3330: 906 
3331: 3182 
3332: 2059 
3333: 250 
3334: 1 
3335: 2797 
3336: 2384 
3337: 2955 4931 
3338: 1788 3791 
3339: 1079 
3340: 869 
3341: 1933 
3342: 773 
3343: 1 
3344: 157 
3345: 2765 
3346: 2154 
3347: 1383 3912 
3348: 1637 
3349: 1130 
3350: 273 
3351: 55 
3352: 178 
3353: 724 
3354: 473 
3355: 216 
3356: 547 
3357: 628 
3358: 18 
3359: 3011 
3360: 605 4564 4918 
3361: 719 
3362: 898 4407 
3363: 1520 
3364: 336 
3365: 2673 
3366: 436 
3367: 1002 
3368: 1703 4025 
3369: 643 
3370: 533 
3371: 182 
3372: 183 
3373: 73 
3374: 1303 
3375: 63 
3376: 1297 
3377: 1804 
3378: 1 3771 
3379: 3115 
3380: 244 
3381: 0 
3382: 974 
3383: 83 
3384: 2063 
3385: 1717 
3386: 187 
3387: 2909 
3388: 1346 
3389: 62 4598 
3390: 3124 4028 
3391: 1936 
3392: 28 
3393: 965 
3394: 94 
3395: 2065 4157 
3396: 2001 
3397: 3054 
3398: 509 
3399: 291 
3400: 381 
3401: 3055 
3402: 1617 
3403: 1950 
3404: 22 
3405: 1387 3505 4150 
3406: 3131 
3407: 794 
3408: 454 
3409: 29 
3410: 1908 
3411: 1018 
3412: 257 
3413: 1 
3414: 1457 
3415: 3205 
3416: 2450 
3417: 1109 
3418: 1936 3607 
3419: 490 
3420: 3211 3501 
3421: 2532 
3422: 15 3933 
3423: 1161 
3424: 2138 3916 4705 
3425: 476 
3426: 73 4406 
3427: 585 
3428: 1384 
3429: 1490 
3430: 561 3769 
3431: 740 
3432: 1125 4331 
3433: 2074 
3434: 442 
3435: 250 4452 
3436: 487 
3437: 2252 
3438: 1705 
3439: 1461 
3440: 107 4272 
3441: 71 
3442: 106 
3443: 1867 3491 
3444: 79 
3445: 1541 
3446: 2074 
3447: 2037 
3448: 167 
3449: 1630 
3450: 1531 
3451: 5 
3452: 1119 
3453: 1120 
3454: 2314 
3455: 229 
3456: 1830 
3457: 760 
3458: 466 
3459: 375 
3460: 1341 4940 
3461: 1172 
3462: 3329 
3463: 2615 3712 
3464: 644 
3465: 1454 
3466: 876 
3467: 71 
3468: 2672 
3469: 738 
3470: 39 
3471: 2939 
3472: 3050 
3473: 435 4956 
3474: 1 
3475: 161 
3476: 549 
3477: 1589 
3478: 1321 
3479: 0 
3480: 973 
3481: 1050 4161 
3482: 2 
3483: 1425 
3484: 763 
3485: 1392 
3486: 3291 
3487: 19 
3488: 2137 
3489: 3048 
3490: 1249 
3491: 3443 
3492: 2138 4528 
3493: 1051 
3494: 262 
3495: 2 
3496: 1224 
3497: 2763 
3498: 2983 
3499: 3087 
3500: 456 
3501: 3420 
3502: 2903 
3503: 3065 
3504: 1 
3505: 3405 
3506: 1455 
3507: 1893 
3508: 2675 
3509: 2 
3510: 342 
3511: 31 
3512: 738 
3513: 71 
3514: 1624 
3515: 3011 
3516: 1524 3906 
3517: 389 
3518: 44 3829 
3519: 582 
3520: 1135 
3521: 2504 
3522: 1952 3851 4609 
3523: 80 
3524: 572 
3525: 32 
3526: 193 4800 
3527: 2795 4082 
3528: 610 
3529: 2522 
3530: 863 
3531: 37 
3532: 3265 
3533: 103 
3534: 2760 
3535: 1193 
3536: 3168 
3537: 1396 
3538: 2967 
3539: 2270 4359 
3540: 2770 
3541: 1514 
3542: 2365 
3543: 0 
3544: 803 
3545: 2307 
3546: 1750 
3547: 1572 
3548: 3057 4507 4578 
3549: 2 
3550: 183 
3551: 2333 
3552: 1754 
3553: 3080 
3554: 461 
3555: 31 4414 
3556: 1789 
3557: 2262 
3558: 2824 
3559: 2098 
3560: 1874 
3561: 794 
3562: 667 
3563: 527 
3564: 1224 4212 
3565: 385 
3566: 0 
3567: 2458 
3568: 194 
3569: 491 
3570: 18 
3571: 385 
3572: 1671 
3573: 1856 
3574: 2701 
3575: 2273 
3576: 3041 
3577: 831 3643 4693 
3578: 275 
3579: 3166 
3580: 81 
3581: 0 3753 
3582: 1619 
3583: 1334 
3584: 1394 
3585: 15 
3586: 2939 3670 4522 
3587: 1470 
3588: 398 
3589: 338 
3590: 1427 
3591: 1927 
3592: 2469 
3593: 675 
3594: 1735 4980 
3595: 85 
3596: 869 
3597: 1 
3598: 533 
3599: 425 4746 
3600: 1499 
3601: 483 
3602: 1153 
3603: 114 
3604: 275 4008 
3605: 687 
3606: 1306 
3607: 3418 
3608: 1665 4408 
3609: 775 
3610: 44 
3611: 2334 
3612: 219 
3613: 361 
3614: 2325 
3615: 1515 
3616: 1808 
3617: 389 
3618: 128 
3619: 2894 
3620: 191 
3621: 1200 
3622: 252 3703 
3623: 1302 
3624: 2195 3820 
3625: 71 
3626: 1068 
3627: 249 
3628: 42 
3629: 561 
3630: 2334 
3631: 1789 
3632: 397 
3633: 2649 
3634: 83 
3635: 1051 
3636: 128 
3637: 1 
3638: 1305 
3639: 28 
3640: 193 4421 
3641: 2590 4645 
3642: 342 
3643: 3577 
3644: 2736 
3645: 2 3976 
3646: 46 
3647: 505 
3648: 1224 
3649: 822 4060 
3650: 2162 
3651: 249 
3652: 303 
3653: 1217 
3654: 337 
3655: 2814 
3656: 19 
3657: 1717 
3658: 634 3693 4090 
3659: 180 
3660: 713 
3661: 24 
3662: 292 
3663: 18 
3664: 1631 
3665: 2347 
3666: 313 
3667: 732 
3668: 520 
3669: 1574 
3670: 3586 4639 
3671: 1471 
3672: 1 
3673: 1173 
3674: 146 
3675: 1910 
3676: 108 
3677: 230 4405 
3678: 32 
3679: 129 
3680: 2062 
3681: 862 
3682: 2725 
3683: 327 
3684: 1624 
3685: 273 
3686: 3291 
3687: 1039 
3688: 2905 
3689: 1051 
3690: 160 
3691: 603 
3692: 1 
3693: 3658 
3694: 592 
3695: 2730 
3696: 3121 
3697: 229 4450 
3698: 2994 
3699: 1895 
3700: 1136 
3701: 2380 
3702: 945 
3703: 3622 
3704: 1307 4696 
3705: 146 
3706: 454 
3707: 157 
3708: 0 4825 
3709: 963 
3710: 533 
3711: 178 
3712: 3463 
3713: 2989 
3714: 2269 
3715: 2802 
3716: 1998 
3717: 533 3894 
3718: 1473 4567 
3719: 178 
3720: 167 
3721: 257 
3722: 535 
3723: 1426 
3724: 55 4324 
3725: 712 
3726: 1 
3727: 2856 
3728: 745 
3729: 2 4435 
3730: 1578 
3731: 189 
3732: 31 4529 
3733: 424 4104 
3734: 634 
3735: 2950 
3736: 2210 
3737: 4 
3738: 1780 4476 
3739: 305 
3740: 1622 
3741: 95 
3742: 1778 
3743: 378 
3744: 490 
3745: 484 
3746: 3237 
3747: 1784 4946 
3748: 2643 
3749: 2580 
3750: 473 
3751: 51 
3752: 77 
3753: 3581 
3754: 508 
3755: 1417 
3756: 97 
3757: 2258 
3758: 476 
3759: 1390 
3760: 979 
3761: 46 
3762: 70 
3763: 890 
3764: 1956 
3765: 2686 
3766: 535 
3767: 351 
3768: 794 
3769: 3430 
3770: 81 
3771: 3378 
3772: 3160 
3773: 0 
3774: 61 4467 
3775: 3249 
3776: 3018 
3777: 2140 
3778: 965 4389 
3779: 255 
3780: 253 
3781: 2448 
3782: 1337 
3783: 144 
3784: 71 
3785: 2849 
3786: 2135 
3787: 27 
3788: 740 
3789: 97 4285 4415 
3790: 3202 
3791: 3338 
3792: 79 
3793: 17 
3794: 2909 
3795: 2335 
3796: 543 
3797: 946 
3798: 2448 
3799: 581 
3800: 2228 4268 
3801: 787 
3802: 289 
3803: 727 
3804: 2845 
3805: 2636 4185 4928 
3806: 248 
3807: 172 
3808: 2577 
3809: 2715 
3810: 2270 
3811: 1490 
3812: 1725 
3813: 1771 
3814: 20 
3815: 2380 
3816: 0 
3817: 1165 
3818: 566 
3819: 138 
3820: 3624 
3821: 222 
3822: 85 
3823: 2433 
3824: 2201 
3825: 1082 
3826: 367 
3827: 189 4141 
3828: 217 
3829: 3518 
3830: 349 
3831: 2263 
3832: 2656 
3833: 1655 
3834: 171 
3835: 239 
3836: 1987 
3837: 1890 
3838: 879 
3839: 1747 
3840: 1222 
3841: 667 
3842: 2262 
3843: 2632 4662 
3844: 636 
3845: 999 
3846: 822 
3847: 244 
3848: 36 
3849: 165 
3850: 2585 
3851: 3522 
3852: 1120 
3853: 2319 
3854: 2311 
3855: 2029 
3856: 1915 
3857: 846 
3858: 2421 
3859: 3050 
3860: 1009 
3861: 126 
3862: 1946 
3863: 3043 
3864: 886 
3865: 3168 
3866: 550 
3867: 1710 
3868: 10 
3869: 2062 
3870: 124 
3871: 870 
3872: 41 
3873: 58 
3874: 3016 
3875: 52 
3876: 961 
3877: 292 4047 
3878: 628 
3879: 94 
3880: 2635 
3881: 71 4899 
3882: 130 
3883: 2848 
3884: 1859 
3885: 348 4083 4396 
3886: 229 
3887: 1317 
3888: 373 
3889: 614 
3890: 2 
3891: 107 
3892: 1954 
3893: 38 
3894: 3717 
3895: 1473 
3896: 3057 
3897: 232 
3898: 77 
3899: 869 
3900: 445 
3901: 4 
3902: 3042 
3903: 100 
3904: 1717 
3905: 178 
3906: 3516 4367 
3907: 2206 4057 
3908: 2950 
3909: 2343 
3910: 356 
3911: 2797 
3912: 3347 
3913: 2307 
3914: 42 
3915: 2854 4258 
3916: 3424 
3917: 385 
3918: 1047 
3919: 5 
3920: 2179 
3921: 1 
3922: 2961 
3923: 1945 
3924: 125 
3925: 1711 
3926: 769 
3927: 1952 
3928: 806 
3929: 1105 
3930: 81 4373 
3931: 2314 
3932: 756 
3933: 3422 
3934: 2394 
3935: 443 4255 
3936: 2340 4612 
3937: 2490 4009 
3938: 217 
3939: 1025 
3940: 80 
3941: 483 
3942: 202 
3943: 1829 
3944: 625 
3945: 700 
3946: 2206 
3947: 1044 
3948: 715 
3949: 3060 4012 
3950: 39 
3951: 149 
3952: 385 
3953: 543 
3954: 1964 
3955: 2685 
3956: 2570 
3957: 584 
3958: 2937 
3959: 2227 
3960: 2914 4221 
3961: 2470 
3962: 17 
3963: 1161 
3964: 232 
3965: 17 
3966: 80 
3967: 2946 
3968: 1632 
3969: 617 
3970: 3189 
3971: 94 
3972: 3 
3973: 196 
3974: 1790 
3975: 168 
3976: 3645 
3977: 1317 
3978: 1288 
3979: 3175 
3980: 2284 
3981: 3058 
3982: 2802 
3983: 934 
3984: 1 
3985: 2142 
3986: 2881 4670 
3987: 85 4471 
3988: 1235 
3989: 9 
3990: 1 
3991: 2731 
3992: 243 
3993: 872 
3994: 1197 
3995: 1052 4105 
3996: 52 
3997: 2805 
3998: 200 
3999: 2227 
4000: 24 
4001: 1081 
4002: 1268 
4003: 47 
4004: 2917 4635 
4005: 1 
4006: 2480 4194 
4007: 505 
4008: 3604 
4009: 3937 
4010: 328 
4011: 2714 
4012: 3949 
4013: 62 
4014: 125 
4015: 923 
4016: 589 
4017: 217 4910 
4018: 77 
4019: 1066 
4020: 345 
4021: 2502 
4022: 1995 
4023: 2914 4869 
4024: 932 4238 
4025: 3368 4736 
4026: 1778 
4027: 181 
4028: 3390 
4029: 2454 4797 
4030: 367 
4031: 3109 
4032: 62 
4033: 97 
4034: 4 
4035: 231 
4036: 1289 
4037: 2920 
4038: 2328 
4039: 5 4237 
4040: 186 
4041: 2050 
4042: 345 
4043: 282 
4044: 891 
4045: 2891 
4046: 348 
4047: 3877 
4048: 2317 
4049: 289 
4050: 2 
4051: 242 
4052: 2269 
4053: 3055 
4054: 33 4742 
4055: 1757 
4056: 188 
4057: 3907 
4058: 619 
4059: 2 
4060: 3649 
4061: 1452 
4062: 267 
4063: 612 
4064: 31 
4065: 153 
4066: 2592 
4067: 0 
4068: 351 
4069: 507 
4070: 2080 
4071: 144 
4072: 3145 
4073: 2798 
4074: 3176 
4075: 142 
4076: 364 
4077: 418 
4078: 283 
4079: 542 
4080: 2361 4562 
4081: 3083 
4082: 3527 
4083: 3885 
4084: 1859 
4085: 2904 
4086: 18 
4087: 3316 
4088: 1073 
4089: 2603 4228 
4090: 3658 4121 4794 
4091: 2003 
4092: 2036 4765 
4093: 367 
4094: 2 
4095: 1621 
4096: 2 
4097: 37 
4098: 85 
4099: 77 
4100: 636 
4101: 1330 
4102: 0 
4103: 642 
4104: 3733 
4105: 3995 
4106: 255 4227 
4107: 1885 
4108: 246 4847 
4109: 39 
4110: 255 4245 
4111: 63 
4112: 47 
4113: 1888 
4114: 1859 
4115: 346 
4116: 2337 
4117: 685 
4118: 62 
4119: 145 
4120: 2344 4758 
4121: 4090 
4122: 865 
4123: 1025 
4124: 1152 
4125: 101 
4126: 2407 
4127: 736 
4128: 712 
4129: 1158 
4130: 243 
4131: 255 
4132: 633 
4133: 461 
4134: 113 
4135: 934 
4136: 2388 
4137: 628 
4138: 2563 
4139: 2607 
4140: 183 
4141: 3827 
4142: 85 
4143: 2004 
4144: 2163 
4145: 1912 
4146: 13 
4147: 3175 
4148: 2 
4149: 1737 
4150: 3405 
4151: 777 
4152: 1193 
4153: 2721 
4154: 1835 
4155: 562 
4156: 2306 4484 
4157: 3395 
4158: 536 
4159: 807 4267 
4160: 626 
4161: 3481 
4162: 91 
4163: 2333 
4164: 2388 
4165: 3152 
4166: 2937 
4167: 3209 
4168: 975 
4169: 2 
4170: 391 
4171: 2875 
4172: 1455 
4173: 6 
4174: 2989 4990 
4175: 959 
4176: 2914 4644 
4177: 2616 
4178: 1083 
4179: 403 
4180: 1272 
4181: 1343 
4182: 900 4604 4889 
4183: 69 
4184: 2220 
4185: 3805 
4186: 1351 
4187: 18 
4188: 2 
4189: 2929 
4190: 171 
4191: 670 
4192: 1121 
4193: 252 
4194: 4006 
4195: 3236 
4196: 92 
4197: 1936 
4198: 628 
4199: 3265 4771 
4200: 2050 
4201: 21 
4202: 1 
4203: 184 
4204: 1403 
4205: 351 4863 
4206: 15 
4207: 1987 
4208: 1580 
4209: 80 
4210: 2939 
4211: 21 
4212: 3564 
4213: 1 
4214: 480 
4215: 161 
4216: 239 
4217: 358 
4218: 0 
4219: 667 
4220: 419 
4221: 3960 
4222: 2939 
4223: 1800 
4224: 32 
4225: 284 
4226: 46 
4227: 4106 
4228: 4089 
4229: 1799 
4230: 18 
4231: 28 
4232: 1867 
4233: 1536 
4234: 171 
4235: 3098 
4236: 444 
4237: 4039 
4238: 4024 
4239: 19 
4240: 295 4822 
4241: 752 
4242: 24 
4243: 257 
4244: 1776 
4245: 4110 4952 
4246: 118 4919 
4247: 2394 4459 
4248: 1500 
4249: 121 
4250: 149 
4251: 2050 
4252: 413 
4253: 267 
4254: 81 
4255: 3935 
4256: 494 
4257: 2450 
4258: 3915 
4259: 3164 
4260: 664 
4261: 1997 4944 
4262: 740 
4263: 1057 
4264: 96 4837 
4265: 255 
4266: 282 4610 
4267: 4159 
4268: 3800 
4269: 593 
4270: 921 
4271: 284 
4272: 3440 
4273: 1 
4274: 890 
4275: 414 4352 
4276: 2788 
4277: 342 
4278: 3049 
4279: 243 
4280: 2973 4332 
4281: 950 4753 
4282: 1257 
4283: 3315 
4284: 69 
4285: 3789 
4286: 794 
4287: 1306 
4288: 183 
4289: 1692 
4290: 1210 
4291: 1168 
4292: 577 
4293: 2117 
4294: 37 
4295: 89 
4296: 504 
4297: 386 4957 
4298: 659 
4299: 114 
4300: 91 
4301: 2138 4500 
4302: 2074 
4303: 553 
4304: 2671 
4305: 2210 
4306: 398 
4307: 415 
4308: 1133 
4309: 2374 
4310: 1577 
4311: 2197 
4312: 2798 
4313: 34 
4314: 2 
4315: 769 
4316: 289 
4317: 1 
4318: 31 
4319: 724 
4320: 1395 
4321: 2834 4556 
4322: 1465 
4323: 1077 
4324: 3724 
4325: 1277 
4326: 3326 
4327: 456 
4328: 267 
4329: 1053 
4330: 9 
4331: 3432 
4332: 4280 
4333: 2034 
4334: 1890 
4335: 1152 
4336: 80 4545 
4337: 1784 
4338: 1061 
4339: 975 
4340: 2015 
4341: 2261 
4342: 1643 
4343: 1179 
4344: 2649 
4345: 1773 
4346: 1961 
4347: 178 
4348: 166 
4349: 6 
4350: 31 
4351: 719 
4352: 4275 
4353: 1 
4354: 912 
4355: 1277 
4356: 2841 
4357: 2544 
4358: 2373 
4359: 3539 
4360: 13 
4361: 891 4814 
4362: 282 
4363: 2311 
4364: 2037 
4365: 60 
4366: 2974 
4367: 3906 
4368: 2443 
4369: 1912 
4370: 459 
4371: 821 
4372: 2487 
4373: 3930 
4374: 2792 
4375: 3236 
4376: 2 4518 
4377: 948 
4378: 3117 
4379: 1780 
4380: 418 
4381: 293 
4382: 1728 
4383: 1856 
4384: 71 
4385: 965 
4386: 2469 4907 
4387: 2860 
4388: 111 
4389: 3778 
4390: 1867 
4391: 3054 
4392: 1888 
4393: 570 
4394: 3182 
4395: 2712 
4396: 3885 
4397: 252 
4398: 3230 
4399: 2074 
4400: 487 
4401: 570 
4402: 1336 
4403: 626 
4404: 2508 
4405: 3677 
4406: 3426 
4407: 3362 
4408: 3608 
4409: 1202 
4410: 856 
4411: 311 
4412: 3146 
4413: 1831 
4414: 3555 4466 
4415: 3789 
4416: 2 
4417: 2412 
4418: 1589 4775 
4419: 38 
4420: 628 
4421: 3640 
4422: 101 
4423: 1248 
4424: 249 
4425: 243 
4426: 121 
4427: 158 
4428: 1068 
4429: 1239 
4430: 473 
4431: 1549 4904 
4432: 2306 
4433: 2261 
4434: 2762 
4435: 3729 
4436: 3109 
4437: 1032 
4438: 68 
4439: 2552 
4440: 2072 
4441: 1692 
4442: 1830 4978 
4443: 680 4880 
4444: 3159 
4445: 2043 
4446: 37 
4447: 2001 
4448: 119 
4449: 1160 
4450: 3697 
4451: 3049 
4452: 3435 
4453: 797 
4454: 684 
4455: 181 
4456: 2695 
4457: 586 4481 
4458: 3050 4799 
4459: 4247 
4460: 1080 
4461: 174 
4462: 106 
4463: 28 
4464: 2742 4920 
4465: 38 
4466: 4414 
4467: 3774 
4468: 2573 
4469: 17 
4470: 2407 
4471: 3987 
4472: 373 
4473: 18 
4474: 154 
4475: 759 
4476: 3738 
4477: 2503 
4478: 494 4789 
4479: 2765 
4480: 43 
4481: 4457 
4482: 466 
4483: 217 
4484: 4156 
4485: 1902 
4486: 1296 
4487: 1704 
4488: 299 
4489: 2849 
4490: 1057 
4491: 2462 
4492: 617 
4493: 1463 
4494: 622 
4495: 1086 
4496: 1244 
4497: 1902 
4498: 3187 
4499: 2439 
4500: 4301 
4501: 2983 
4502: 560 
4503: 2362 
4504: 278 4682 
4505: 1859 
4506: 81 
4507: 3548 
4508: 2 
4509: 2878 
4510: 1815 
4511: 3035 
4512: 1528 
4513: 3166 
4514: 1103 
4515: 1667 
4516: 2262 
4517: 2032 
4518: 4376 4833 
4519: 2270 
4520: 231 4669 
4521: 0 
4522: 3586 4805 
4523: 601 
4524: 2351 
4525: 1051 
4526: 183 
4527: 18 
4528: 3492 
4529: 3732 
4530: 212 
4531: 32 
4532: 2882 
4533: 249 
4534: 126 
4535: 2567 
4536: 898 
4537: 1095 
4538: 1149 
4539: 1712 
4540: 508 
4541: 8 
4542: 363 4611 
4543: 1095 
4544: 1080 
4545: 4336 
4546: 897 
4547: 1410 
4548: 2144 
4549: 31 
4550: 3172 
4551: 766 
4552: 18 
4553: 1832 
4554: 2235 
4555: 2029 
4556: 4321 
4557: 507 
4558: 217 
4559: 876 
4560: 621 
4561: 1378 
4562: 4080 
4563: 2833 
4564: 3360 
4565: 1643 
4566: 93 
4567: 3718 
4568: 2731 
4569: 2402 
4570: 3233 
4571: 1874 
4572: 507 
4573: 2276 
4574: 1636 
4575: 859 
4576: 255 
4577: 2698 
4578: 3548 
4579: 246 
4580: 2731 
4581: 1418 
4582: 2695 
4583: 570 
4584: 2668 
4585: 1322 
4586: 3177 
4587: 81 
4588: 183 
4589: 2990 
4590: 389 
4591: 2665 
4592: 291 
4593: 3156 
4594: 736 
4595: 70 
4596: 73 
4597: 950 
4598: 3389 
4599: 407 
4600: 3147 
4601: 1558 
4602: 2347 
4603: 795 
4604: 4182 
4605: 28 
4606: 1982 
4607: 34 
4608: 2371 
4609: 3522 
4610: 4266 
4611: 4542 
4612: 3936 
4613: 132 
4614: 1051 
4615: 1 
4616: 569 
4617: 34 
4618: 1757 
4619: 388 
4620: 1500 
4621: 158 
4622: 2837 
4623: 1643 
4624: 2376 
4625: 1080 
4626: 111 
4627: 1321 
4628: 1383 
4629: 283 
4630: 30 
4631: 491 
4632: 2340 
4633: 28 
4634: 0 
4635: 4004 
4636: 2911 
4637: 1360 
4638: 2533 
4639: 3670 
4640: 2703 
4641: 971 
4642: 1086 
4643: 10 
4644: 4176 
4645: 3641 
4646: 128 
4647: 2233 
4648: 1182 
4649: 3092 
4650: 419 
4651: 53 
4652: 1365 
4653: 2428 
4654: 3166 
4655: 1944 
4656: 2798 
4657: 453 
4658: 5 
4659: 991 
4660: 1396 
4661: 1119 
4662: 3843 
4663: 0 
4664: 1344 
4665: 2058 
4666: 2856 
4667: 18 
4668: 17 
4669: 4520 
4670: 3986 
4671: 2041 
4672: 313 
4673: 46 
4674: 2196 
4675: 2869 
4676: 47 
4677: 1621 
4678: 2074 
4679: 1257 
4680: 1211 
4681: 645 
4682: 4504 
4683: 977 
4684: 33 
4685: 1641 
4686: 1769 
4687: 1 
4688: 1720 
4689: 387 
4690: 28 
4691: 2034 
4692: 1377 
4693: 3577 
4694: 191 
4695: 462 
4696: 3704 
4697: 2447 
4698: 1043 
4699: 2260 
4700: 565 
4701: 3169 
4702: 255 
4703: 44 
4704: 1255 
4705: 3424 
4706: 293 
4707: 723 
4708: 62 
4709: 3069 
4710: 231 
4711: 2849 
4712: 520 
4713: 1338 
4714: 1964 
4715: 487 
4716: 2899 
4717: 2296 
4718: 296 
4719: 272 
4720: 333 
4721: 617 
4722: 209 
4723: 856 
4724: 822 
4725: 2575 
4726: 1990 
4727: 1486 
4728: 84 
4729: 622 
4730: 90 
4731: 1681 
4732: 1448 
4733: 447 
4734: 0 
4735: 139 
4736: 4025 
4737: 1545 
4738: 37 
4739: 19 
4740: 324 
4741: 2036 
4742: 4054 
4743: 2 
4744: 178 
4745: 232 
4746: 3599 
4747: 333 
4748: 2657 
4749: 2621 
4750: 2 
4751: 1887 
4752: 33 
4753: 4281 
4754: 3186 
4755: 1403 
4756: 2825 
4757: 252 
4758: 4120 
4759: 549 
4760: 3205 
4761: 2 
4762: 724 
4763: 2947 
4764: 2818 
4765: 4092 
4766: 2732 
4767: 388 
4768: 2061 
4769: 692 
4770: 3205 
4771: 4199 
4772: 1507 
4773: 810 
4774: 1962 
4775: 4418 
4776: 84 
4777: 1009 
4778: 187 
4779: 109 
4780: 3057 
4781: 2904 
4782: 2779 
4783: 1867 
4784: 811 
4785: 405 
4786: 2968 
4787: 1384 
4788: 1632 
4789: 4478 
4790: 818 
4791: 1497 
4792: 2480 
4793: 24 
4794: 4090 
4795: 70 
4796: 283 
4797: 4029 
4798: 2770 
4799: 4458 
4800: 3526 
4801: 192 
4802: 1581 
4803: 782 
4804: 1 
4805: 4522 
4806: 2325 
4807: 81 
4808: 1374 
4809: 635 
4810: 2074 
4811: 3238 
4812: 1136 
4813: 81 
4814: 4361 
4815: 249 
4816: 0 
4817: 1509 
4818: 1490 
4819: 3173 
4820: 1913 
4821: 1509 
4822: 4240 
4823: 2337 
4824: 144 
4825: 3708 4943 
4826: 84 
4827: 128 
4828: 1654 
4829: 130 
4830: 2173 
4831: 1309 
4832: 1277 4886 
4833: 4518 
4834: 367 4839 
4835: 162 
4836: 2431 
4837: 4264 
4838: 900 4962 
4839: 4834 
4840: 2162 
4841: 51 
4842: 2950 
4843: 345 
4844: 619 
4845: 1644 
4846: 2187 
4847: 4108 
4848: 18 
4849: 414 
4850: 3012 
4851: 2270 
4852: 2465 
4853: 1152 
4854: 359 
4855: 1624 
4856: 2730 
4857: 124 
4858: 974 
4859: 897 
4860: 794 
4861: 2244 
4862: 1232 
4863: 4205 
4864: 1394 
4865: 968 
4866: 482 
4867: 1 
4868: 222 
4869: 4023 
4870: 3186 
4871: 1385 
4872: 1432 
4873: 147 
4874: 737 
4875: 607 
4876: 181 
4877: 2215 
4878: 0 
4879: 897 
4880: 4443 
4881: 51 
4882: 2898 
4883: 541 
4884: 124 
4885: 3021 
4886: 4832 
4887: 617 
4888: 1396 
4889: 4182 
4890: 18 4900 
4891: 3138 
4892: 2658 
4893: 1897 
4894: 3076 
4895: 523 
4896: 234 
4897: 24 
4898: 1257 4983 
4899: 3881 
4900: 4890 
4901: 1 
4902: 2783 
4903: 579 
4904: 4431 
4905: 2032 
4906: 2082 
4907: 4386 
4908: 2197 
4909: 2436 
4910: 4017 
4911: 2889 
4912: 958 
4913: 3146 
4914: 182 
4915: 0 
4916: 55 
4917: 3166 
4918: 3360 
4919: 4246 
4920: 4464 
4921: 1018 
4922: 38 
4923: 55 
4924: 128 
4925: 310 
4926: 1212 
4927: 2923 
4928: 3805 
4929: 438 
4930: 2730 
4931: 3337 
4932: 289 
4933: 0 
4934: 1296 
4935: 2274 
4936: 70 
4937: 1 4971 
4938: 1186 
4939: 109 
4940: 3460 
4941: 1434 
4942: 1576 
4943: 4825 
4944: 4261 
4945: 200 
4946: 3747 
4947: 2939 
4948: 1593 
4949: 483 
4950: 375 
4951: 6 
4952: 4245 
4953: 481 
4954: 787 
4955: 2857 
4956: 3473 
4957: 4297 
4958: 333 
4959: 142 
4960: 30 
4961: 6 
4962: 4838 
4963: 1890 
4964: 0 
4965: 2014 
4966: 2544 
4967: 1647 
4968: 697 
4969: 1746 
4970: 240 
4971: 4937 
4972: 113 
4973: 4 
4974: 375 
4975: 200 
4976: 1614 
4977: 2293 
4978: 4442 
4979: 1893 
4980: 3594 
4981: 376 
4982: 850 
4983: 4898 
4984: 111 
4985: 2 
4986: 476 
4987: 432 
4988: 3154 
4989: 345 
4990: 4174 
4991: 79 
4992: 822 
4993: 2410 
4994: 208 
4995: 1160 
4996: 1293 
4997: 450 
4998: 719 
4999: 1043 
