941 
0: 46 155 313 
1: 198 479 511 559 796 
2: 30 660 
3: 650 682 935 
4: 126 278 
5: 297 397 544 864 891 
6: 548 843 
7: 48 197 353 764 
8: 245 375 684 799 930 
9: 494 843 
10: 118 594 860 
11: 110 174 204 361 382 423 576 
12: 98 
13: 125 632 
14: 319 675 717 746 929 
15: 541 588 801 
16: 278 722 738 784 
17: 31 811 901 
18: 216 372 615 828 
19: 423 
20: 101 184 338 421 483 575 815 
21: 203 378 757 847 892 
22: 100 331 
23: 121 251 709 
24: 121 236 
25: 105 328 394 511 778 
26: 54 206 455 676 776 780 
27: 406 414 
28: 240 245 367 
29: 386 618 823 842 
30: 2 405 609 772 
31: 17 82 568 703 824 
32: 312 391 595 693 793 888 924 
33: 189 469 
34: 131 884 
35: 364 
36: 320 496 736 852 
37: 604 
38: 392 
39: 124 582 665 710 
40: 863 
41: 111 814 
42: 535 799 
43: 468 752 
44: 49 135 736 795 814 
45: 114 236 445 571 675 705 830 
46: 0 435 809 
47: 62 207 570 
48: 7 573 583 
49: 44 84 389 618 
50: 592 644 881 
51: 435 560 692 884 
52: 797 921 922 
53: 490 664 917 
54: 26 137 869 
55: 526 
56: 527 738 
57: 281 319 849 
58: 379 432 754 
59: 815 
60: 615 720 
61: 366 377 
62: 47 149 
63: 847 854 
64: 716 789 807 
65: 87 187 569 609 739 
66: 220 
67: 212 290 639 732 853 
68: 71 442 748 797 
69: 351 
70: 254 724 788 883 
71: 68 
72: 641 
73: 116 276 314 469 930 
74: 557 
75: 181 259 713 
76: 192 239 612 761 779 801 
77: 106 181 366 482 
78: 230 597 634 704 747 822 
79: 194 849 
80: 450 787 871 
81: 97 549 705 
82: 31 
83: 417 
84: 49 397 604 
85: 603 
86: 282 341 
87: 65 687 
88: 310 
89: 686 
90: 164 412 
91: 297 421 654 672 932 
92: 384 558 657 
93: 766 
94: 367 428 544 
95: 162 
96: 122 224 336 618 743 
97: 81 805 814 
98: 12 230 704 788 
99: 460 497 826 
100: 22 124 799 
101: 20 442 
102: 608 
103: 306 408 
104: 327 730 751 764 877 
105: 25 233 445 653 
106: 77 518 749 
107: 746 875 
108: 118 212 282 402 
109: 401 
110: 11 248 696 
111: 41 193 
112: 712 772 
113: 127 155 211 612 659 
114: 45 203 614 
115: 204 286 462 886 
116: 73 172 329 
117: 168 
118: 10 108 167 461 528 648 
119: 417 515 524 681 
120: 453 604 756 940 
121: 23 24 190 363 
122: 96 229 519 629 
123: 137 687 
124: 39 100 755 
125: 13 690 
126: 4 719 
127: 113 335 728 
128: 347 813 
129: 280 
130: 493 870 
131: 34 765 927 
132: 372 
133: 206 
134: 288 
135: 44 677 908 921 
136: 177 402 475 645 669 759 
137: 54 123 
138: 271 612 914 
139: 457 802 
140: 164 
141: 405 516 897 
142: 215 235 807 815 
143: 402 880 
144: 164 333 624 
145: 349 469 719 
146: 264 436 
147: 342 666 768 
148: 464 885 
149: 62 196 531 544 791 
150: 289 752 
151: 302 450 
152: 852 
153: 252 813 
154: 186 713 932 
155: 0 113 234 292 
156: 540 553 
157: 675 838 
158: 251 424 443 609 651 781 
159: 397 538 663 819 
160: 679 817 
161: 574 
162: 95 
163: 311 495 529 773 
164: 90 140 144 725 
165: 255 620 643 
166: 506 539 708 810 
167: 118 187 368 406 510 
168: 117 240 
169: 772 888 
170: 429 518 653 689 
171: 394 849 894 
172: 116 218 231 
173: 266 513 667 725 771 909 
174: 11 
175: 176 386 502 656 
176: 175 181 673 906 
177: 136 
178: 251 640 
179: 249 
180: 185 273 381 476 566 637 859 
181: 75 77 176 196 829 930 
182: 293 
183: 496 678 758 
184: 20 675 870 
185: 180 612 
186: 154 568 672 844 849 894 
187: 65 167 
188: 242 571 707 740 
189: 33 468 670 819 
190: 121 495 646 
191: 371 759 
192: 76 723 
193: 111 672 905 
194: 79 
195: 847 
196: 149 181 548 
197: 7 378 393 688 
198: 1 267 870 
199: 347 910 
200: 523 
201: 245 371 419 625 829 927 
202: 450 645 
203: 21 114 306 717 
204: 11 115 683 
205: 661 
206: 26 133 606 927 
207: 47 303 390 484 615 680 
208: 254 424 612 824 914 
209: 355 
210: 263 
211: 113 599 612 
212: 67 108 770 
213: 322 726 829 867 
214: 219 367 639 
215: 142 
216: 18 615 
217: 579 625 857 
218: 172 232 531 718 
219: 214 221 399 419 768 
220: 66 542 
221: 219 666 844 
222: 923 
223: 345 444 618 
224: 96 522 644 
225: 296 359 604 
226: 526 700 835 
227: 794 914 
228: 577 601 
229: 122 542 
230: 78 98 353 614 
231: 172 382 470 503 684 893 
232: 218 629 
233: 105 608 805 
234: 155 653 842 
235: 142 
236: 24 45 
237: 628 
238: 534 
239: 76 
240: 28 168 812 
241: 381 873 
242: 188 277 869 
243: 840 
244: 634 711 772 803 
245: 8 28 201 455 494 519 674 
246: 312 
247: 410 936 
248: 110 
249: 179 681 
250: 383 746 
251: 23 158 178 450 765 
252: 153 
253: 350 457 
254: 70 208 399 566 706 801 823 
255: 165 346 
256: 320 537 763 
257: 402 671 915 
258: 746 847 
259: 75 277 
260: 480 550 632 
261: 806 
262: 418 
263: 210 
264: 146 784 921 
265: 620 856 
266: 173 
267: 198 333 904 
268: 350 552 817 
269: 880 
270: 410 824 
271: 138 403 431 735 879 
272: 857 890 
273: 180 311 620 
274: 758 
275: 777 
276: 73 
277: 242 259 511 550 
278: 4 16 411 440 745 892 
279: 446 461 532 687 714 829 906 
280: 129 291 
281: 57 647 661 757 
282: 86 108 349 388 492 
283: 587 706 
284: 468 518 669 748 
285: 436 876 
286: 115 427 712 831 890 
287: 496 532 688 696 
288: 134 836 
289: 150 644 
290: 67 457 499 896 
291: 280 322 
292: 155 431 741 
293: 182 320 576 618 
294: 418 511 856 
295: 500 507 677 726 
296: 225 699 806 
297: 5 91 586 
298: 320 732 
299: 478 
300: 887 
301: 348 506 802 
302: 151 391 502 567 698 
303: 207 
304: 476 515 783 937 
305: 429 896 
306: 103 203 439 862 
307: 491 627 
308: 675 893 
309: 455 574 644 
310: 88 556 845 
311: 163 273 
312: 32 246 804 
313: 0 434 567 585 
314: 73 574 
315: 455 474 668 
316: 604 
317: 407 
318: 613 
319: 14 57 
320: 36 256 293 298 414 634 759 
321: 414 
322: 213 291 602 
323: 473 683 716 
324: 576 
325: 465 508 
326: 553 651 
327: 104 551 858 861 885 
328: 25 423 
329: 116 777 
330: 349 729 851 908 
331: 22 472 690 
332: 432 775 
333: 144 267 530 745 803 845 
334: 336 
335: 127 416 584 703 
336: 96 334 338 448 450 
337: 689 906 
338: 20 336 609 780 898 
339: 370 669 695 
340: 455 612 
341: 86 583 749 
342: 147 
343: 778 880 
344: 412 421 493 540 595 919 
345: 223 894 
346: 255 541 
347: 128 199 706 
348: 301 504 631 676 745 
349: 145 282 330 513 
350: 253 268 426 683 687 938 
351: 69 482 657 
352: 391 543 747 928 
353: 7 230 846 863 
354: 524 795 830 
355: 209 407 
356: 390 461 687 
357: 556 669 806 
358: 683 868 938 
359: 225 
360: 464 784 810 887 929 
361: 11 
362: 848 
363: 121 528 
364: 35 
365: 727 
366: 61 77 398 
367: 28 94 214 458 779 
368: 167 845 
369: 659 920 
370: 339 711 754 
371: 191 201 376 920 
372: 18 132 806 
373: 406 538 
374: 661 705 870 933 
375: 8 443 655 
376: 371 620 905 
377: 61 
378: 21 197 484 766 
379: 58 863 
380: 526 579 851 
381: 180 241 651 687 
382: 11 231 774 
383: 250 447 
384: 92 443 
385: 481 805 819 
386: 29 175 847 
387: 802 841 849 
388: 282 
389: 49 936 
390: 207 356 421 806 902 
391: 32 302 352 
392: 38 887 
393: 197 555 898 
394: 25 171 897 
395: 521 
396: 459 
397: 5 84 159 738 
398: 366 540 730 
399: 219 254 642 878 
400: 630 
401: 109 458 475 533 
402: 108 136 143 257 603 650 
403: 271 505 577 740 
404: 446 591 
405: 30 141 890 
406: 27 167 373 932 
407: 317 355 468 510 874 
408: 103 
409: 458 
410: 247 270 516 690 708 
411: 278 488 756 
412: 90 344 476 555 
413: 632 
414: 27 320 321 432 435 614 
415: 575 
416: 335 432 490 544 857 
417: 83 119 725 
418: 262 294 448 468 471 743 
419: 201 219 
420: 871 
421: 20 91 344 390 627 
422: 816 
423: 11 19 328 534 
424: 158 208 739 843 
425: 472 650 708 
426: 350 581 586 608 
427: 286 738 765 885 
428: 94 692 
429: 170 305 
430: 609 820 915 
431: 271 292 479 645 873 
432: 58 332 414 416 456 474 528 580 674 710 743 
433: 509 884 
434: 313 
435: 46 51 414 458 931 
436: 146 285 643 865 
437: 918 
438: 825 
439: 306 660 
440: 278 446 712 
441: 875 883 
442: 68 101 680 697 812 
443: 158 375 384 933 
444: 223 755 
445: 45 105 643 
446: 279 404 440 
447: 383 526 
448: 336 418 
449: 705 
450: 80 151 202 251 336 484 595 722 
451: 661 842 843 
452: 564 
453: 120 
454: 631 771 826 
455: 26 245 309 315 340 718 723 734 
456: 432 532 
457: 139 253 290 599 775 
458: 367 401 409 435 710 804 935 
459: 396 806 864 
460: 99 682 
461: 118 279 356 
462: 115 583 666 
463: 504 
464: 148 360 780 
465: 325 702 734 761 905 
466: 605 
467: 494 
468: 43 189 284 407 418 479 889 
469: 33 73 145 470 774 
470: 231 469 756 897 
471: 418 553 
472: 331 425 
473: 323 679 
474: 315 432 789 
475: 136 401 518 860 
476: 180 304 412 489 627 859 939 
477: 658 
478: 299 
479: 1 431 468 756 
480: 260 756 
481: 385 
482: 77 351 
483: 20 928 
484: 207 378 450 785 
485: 634 700 875 
486: 808 
487: 566 629 834 
488: 411 
489: 476 646 
490: 53 416 588 742 
491: 307 
492: 282 535 608 812 
493: 130 344 500 592 
494: 9 245 467 718 
495: 163 190 778 
496: 36 183 287 866 
497: 99 902 
498: 553 669 869 
499: 290 680 
500: 295 493 540 
501: 821 
502: 175 302 
503: 231 698 768 
504: 348 463 757 
505: 403 512 
506: 166 301 564 821 
507: 295 614 734 
508: 325 520 
509: 433 627 732 
510: 167 407 795 812 
511: 1 25 277 294 568 791 849 
512: 505 799 
513: 173 349 599 
514: 543 881 915 
515: 119 304 526 528 684 689 
516: 141 410 
517: 563 
518: 106 170 284 475 585 855 
519: 122 245 806 
520: 508 850 
521: 395 
522: 224 798 
523: 200 725 766 894 
524: 119 354 
525: 530 596 879 923 
526: 55 226 380 447 515 
527: 56 727 
528: 118 363 432 515 
529: 163 
530: 333 525 667 787 
531: 149 218 568 693 
532: 279 287 456 755 
533: 401 760 
534: 238 423 
535: 42 492 582 704 
536: 601 784 
537: 256 787 840 
538: 159 373 555 
539: 166 
540: 156 344 398 500 
541: 15 346 624 
542: 220 229 639 731 
543: 352 514 652 
544: 5 94 149 416 
545: 784 
546: 606 700 707 768 818 879 
547: 671 929 
548: 6 196 882 
549: 81 
550: 260 277 745 
551: 327 
552: 268 569 
553: 156 326 471 498 592 824 870 
554: 649 
555: 393 412 538 664 823 
556: 310 357 596 658 824 
557: 74 678 
558: 92 619 774 891 
559: 1 638 
560: 51 885 
561: 784 865 
562: 599 
563: 517 847 884 
564: 452 506 
565: 775 836 
566: 180 254 487 684 878 
567: 302 313 
568: 31 186 511 531 667 685 
569: 65 552 704 
570: 47 575 824 
571: 45 188 
572: 653 796 
573: 48 650 
574: 161 309 314 641 752 
575: 20 415 570 592 709 
576: 11 293 324 
577: 228 403 849 
578: 705 805 
579: 217 380 
580: 432 653 721 
581: 426 769 
582: 39 535 628 841 
583: 48 341 462 735 849 862 
584: 335 938 
585: 313 518 780 860 879 886 
586: 297 426 879 
587: 283 
588: 15 490 
589: 642 896 
590: 781 
591: 404 662 
592: 50 493 553 575 
593: 636 808 924 
594: 10 666 731 835 
595: 32 344 450 
596: 525 556 655 
597: 78 747 
598: 783 
599: 211 457 513 562 731 
600: 621 822 
601: 228 536 879 
602: 322 686 
603: 85 402 916 
604: 37 84 120 225 316 744 
605: 466 
606: 206 546 
607: 839 
608: 102 233 426 492 
609: 30 65 158 338 430 637 
610: 749 904 
611: 646 718 
612: 76 113 138 185 208 211 340 
613: 318 859 
614: 114 230 414 507 740 
615: 18 60 207 216 894 
616: 722 
617: 692 
618: 29 49 96 223 293 
619: 558 
620: 165 265 273 376 
621: 600 896 
622: 713 
623: 650 847 879 
624: 144 541 905 
625: 201 217 
626: 644 
627: 307 421 476 509 
628: 237 582 
629: 122 232 487 888 
630: 400 642 663 715 
631: 348 454 
632: 13 260 413 869 
633: 925 935 
634: 78 244 320 485 638 
635: 750 811 879 
636: 593 
637: 180 609 778 878 
638: 559 634 
639: 67 214 542 814 915 
640: 178 
641: 72 574 695 929 
642: 399 589 630 745 
643: 165 436 445 847 
644: 50 224 289 309 626 
645: 136 202 431 
646: 190 489 611 
647: 281 750 834 851 
648: 118 
649: 554 889 
650: 3 402 425 573 623 703 
651: 158 326 381 
652: 543 805 
653: 105 170 234 572 580 675 
654: 91 914 
655: 375 596 
656: 175 706 
657: 92 351 737 808 
658: 477 556 933 
659: 113 369 689 691 
660: 2 439 813 878 
661: 205 281 374 451 913 915 
662: 591 714 742 749 
663: 159 630 
664: 53 555 784 
665: 39 720 753 754 784 
666: 147 221 462 594 
667: 173 530 568 742 
668: 315 
669: 136 284 339 357 498 752 
670: 189 865 
671: 257 547 
672: 91 186 193 731 
673: 176 
674: 245 432 
675: 14 45 157 184 308 653 796 
676: 26 348 721 733 
677: 135 295 802 
678: 183 557 940 
679: 160 473 
680: 207 442 499 786 860 
681: 119 249 739 853 
682: 3 460 819 913 
683: 204 323 350 358 746 
684: 8 231 515 566 705 852 903 
685: 568 
686: 89 602 
687: 87 123 279 350 356 381 939 
688: 197 287 810 
689: 170 337 515 659 
690: 125 331 410 697 749 
691: 659 865 
692: 51 428 617 
693: 32 531 
694: 896 937 
695: 339 641 
696: 110 287 
697: 442 690 
698: 302 503 899 
699: 296 
700: 226 485 546 774 
701: 827 
702: 465 
703: 31 335 650 839 
704: 78 98 535 569 929 
705: 45 81 374 449 578 684 861 
706: 254 283 347 656 
707: 188 546 760 
708: 166 410 425 
709: 23 575 
710: 39 432 458 
711: 244 370 773 818 921 
712: 112 286 440 
713: 75 154 622 761 
714: 279 662 
715: 630 
716: 64 323 752 
717: 14 203 746 836 
718: 218 455 494 611 732 897 
719: 126 145 872 
720: 60 665 860 
721: 580 676 723 
722: 16 450 616 
723: 192 455 721 787 896 
724: 70 860 924 
725: 164 173 417 523 741 779 
726: 213 295 778 
727: 365 527 
728: 127 
729: 330 816 839 885 
730: 104 398 
731: 542 594 599 672 
732: 67 298 509 718 
733: 676 851 
734: 455 465 507 
735: 271 583 836 
736: 36 44 835 
737: 657 
738: 16 56 397 427 
739: 65 424 681 
740: 188 403 614 
741: 292 725 934 
742: 490 662 667 
743: 96 418 432 
744: 604 
745: 278 333 348 550 642 
746: 14 107 250 258 683 717 
747: 78 352 597 903 
748: 68 284 
749: 106 341 610 662 690 
750: 635 647 798 
751: 104 851 
752: 43 150 574 669 716 
753: 665 
754: 58 370 665 
755: 124 444 532 
756: 120 411 470 479 480 
757: 21 281 504 927 
758: 183 274 
759: 136 191 320 
760: 533 707 
761: 76 465 713 
762: 861 
763: 256 
764: 7 104 
765: 131 251 427 911 
766: 93 378 523 
767: 854 
768: 147 219 503 546 
769: 581 783 
770: 212 922 
771: 173 454 782 874 
772: 30 112 169 244 912 
773: 163 711 
774: 382 469 558 700 
775: 332 457 565 
776: 26 
777: 275 329 
778: 25 343 495 637 726 833 
779: 76 367 725 
780: 26 338 464 585 
781: 158 590 
782: 771 824 
783: 304 598 769 
784: 16 264 360 536 545 561 664 665 881 
785: 484 790 
786: 680 
787: 80 530 537 723 933 
788: 70 98 
789: 64 474 
790: 785 862 
791: 149 511 852 936 
792: 911 919 
793: 32 865 
794: 227 
795: 44 354 510 
796: 1 572 675 
797: 52 68 
798: 522 750 
799: 8 42 100 512 
800: 819 931 
801: 15 76 254 
802: 139 301 387 677 
803: 244 333 828 
804: 312 458 935 
805: 97 233 385 578 652 
806: 261 296 357 372 390 459 519 
807: 64 142 
808: 486 593 657 
809: 46 
810: 166 360 688 
811: 17 635 823 
812: 240 442 492 510 
813: 128 153 660 851 921 
814: 41 44 97 639 
815: 20 59 142 
816: 422 729 
817: 160 268 915 
818: 546 711 834 
819: 159 189 385 682 800 
820: 430 
821: 501 506 876 889 
822: 78 600 
823: 29 254 555 811 
824: 31 208 270 553 556 570 782 909 
825: 438 
826: 99 454 
827: 701 
828: 18 803 
829: 181 201 213 279 
830: 45 354 884 
831: 286 
832: 936 
833: 778 
834: 487 647 818 
835: 226 594 736 
836: 288 565 717 735 
837: 923 
838: 157 
839: 607 703 729 869 
840: 243 537 
841: 387 582 
842: 29 234 451 
843: 6 9 424 451 
844: 186 221 
845: 310 333 368 
846: 353 
847: 21 63 195 258 386 563 623 643 
848: 362 
849: 57 79 171 186 387 511 577 583 877 
850: 520 
851: 330 380 647 733 751 813 
852: 36 152 684 791 
853: 67 681 897 
854: 63 767 
855: 518 878 910 
856: 265 294 
857: 217 272 416 
858: 327 
859: 180 476 613 
860: 10 475 585 680 720 724 
861: 327 705 762 
862: 306 583 790 866 928 
863: 40 353 379 
864: 5 459 
865: 436 561 670 691 793 
866: 496 862 
867: 213 
868: 358 
869: 54 242 498 632 839 
870: 130 184 198 374 553 
871: 80 420 
872: 719 
873: 241 431 
874: 407 771 
875: 107 441 485 
876: 285 821 
877: 104 849 
878: 399 566 637 660 855 
879: 271 525 546 585 586 601 623 635 
880: 143 269 343 
881: 50 514 784 
882: 548 
883: 70 441 
884: 34 51 433 563 830 
885: 148 327 427 560 729 
886: 115 585 
887: 300 360 392 
888: 32 169 629 
889: 468 649 821 
890: 272 286 405 
891: 5 558 
892: 21 278 
893: 231 308 932 
894: 171 186 345 523 615 
895: 900 
896: 290 305 589 621 694 723 
897: 141 394 470 718 853 
898: 338 393 
899: 698 
900: 895 
901: 17 
902: 390 497 
903: 684 747 
904: 267 610 
905: 193 376 465 624 
906: 176 279 337 
907: 929 
908: 135 330 
909: 173 824 
910: 199 855 
911: 765 792 
912: 772 
913: 661 682 
914: 138 208 227 654 
915: 257 430 514 639 661 817 
916: 603 
917: 53 
918: 437 
919: 344 792 924 926 
920: 369 371 
921: 52 135 264 711 813 
922: 52 770 
923: 222 525 837 
924: 32 593 724 919 
925: 633 
926: 919 
927: 131 201 206 757 
928: 352 483 862 
929: 14 360 547 641 704 907 932 
930: 8 73 181 
931: 435 800 
932: 91 154 406 893 929 
933: 374 443 658 787 
934: 741 
935: 3 458 633 804 
936: 247 389 791 832 
937: 304 694 
938: 350 358 584 
939: 476 687 
940: 120 678 
