2344 
0: 1171 1238 1321 1389 1742 
1: 573 1025 1321 1631 2157 
2: 62 368 
3: 1524 2081 
4: 1739 
5: 475 2054 
6: 282 513 706 2229 
7: 1051 1846 
8: 41 1531 1668 
9: 1693 
10: 839 2242 2247 
11: 22 690 728 1426 1884 
12: 573 1300 
13: 175 218 1152 1193 2170 
14: 517 865 1255 2088 
15: 287 638 642 1066 1629 1693 
16: 418 792 1614 1756 
17: 295 459 1350 1623 
18: 275 380 1145 1240 
19: 955 1289 1816 1843 1907 2033 
20: 256 1648 
21: 395 1239 
22: 11 1296 2324 
23: 517 1000 
24: 71 913 1182 1989 2170 
25: 1317 2192 
26: 248 1675 
27: 517 
28: 1508 1793 
29: 838 1469 
30: 2079 
31: 850 1192 1815 
32: 491 575 1875 
33: 672 916 1037 1654 1673 
34: 884 1606 1882 2330 
35: 128 
36: 416 477 958 1526 2331 
37: 2313 
38: 846 855 
39: 994 1816 1970 2075 
40: 201 945 1084 
41: 8 869 1173 
42: 1248 2187 
43: 802 1225 
44: 891 1949 
45: 185 1726 
46: 1308 1681 
47: 959 2318 
48: 1288 2014 
49: 222 1450 1511 2099 2223 
50: 62 426 614 634 918 1733 
51: 178 468 1524 1542 
52: 549 1456 1674 1694 1740 
53: 767 1163 1449 1923 
54: 314 1316 
55: 162 
56: 163 290 443 1712 
57: 1559 1572 2200 2240 
58: 800 1632 1652 
59: 137 1537 1980 
60: 106 589 2299 
61: 276 1372 
62: 2 50 724 1509 
63: 1982 2042 2235 
64: 504 1331 1618 1987 
65: 1175 1723 
66: 666 
67: 312 775 1026 1342 
68: 1447 1524 1889 
69: 157 645 797 1248 
70: 1054 2170 
71: 24 181 1434 1598 1955 2308 
72: 221 966 1184 1414 1670 2330 
73: 919 1281 1519 
74: 218 487 759 1065 1263 1694 
75: 608 813 1125 
76: 1483 2226 
77: 1932 1974 2142 
78: 425 726 1704 
79: 688 1774 1869 
80: 204 883 1549 
81: 333 381 1114 
82: 1247 2127 
83: 459 784 870 
84: 935 2028 
85: 1031 1084 1878 
86: 254 1110 1259 1987 
87: 702 1089 2096 2232 
88: 1931 1934 2263 
89: 673 1267 1464 1686 2008 
90: 681 
91: 347 741 799 933 1850 
92: 559 690 1030 1169 1365 
93: 308 364 1591 1712 
94: 243 815 
95: 872 1458 1775 
96: 132 629 958 1123 
97: 386 743 2119 
98: 1414 1601 1951 2120 2154 
99: 1394 
100: 698 1986 
101: 1036 1082 
102: 841 2268 
103: 313 1075 
104: 235 1188 
105: 1247 
106: 60 1364 2341 
107: 214 1253 2292 
108: 1179 1474 1838 
109: 466 
110: 448 451 874 
111: 1066 1249 2293 2314 
112: 236 634 803 840 1048 1754 1983 
113: 446 459 989 1400 1527 2256 
114: 1497 
115: 1746 2180 
116: 603 1555 1658 
117: 883 998 1798 
118: 199 678 981 1454 1843 2251 
119: 1162 1568 
120: 466 1555 
121: 711 818 2075 
122: 236 258 1576 1636 
123: 1476 2242 
124: 555 
125: 900 919 1347 1688 
126: 184 312 656 2127 
127: 1047 2059 
128: 35 
129: 643 
130: 1199 1533 
131: 1017 1283 1432 
132: 96 446 2195 
133: 731 761 1156 1797 
134: 430 1041 1060 
135: 283 305 914 
136: 1534 
137: 59 1593 1758 2249 
138: 1177 2043 
139: 532 631 669 1094 1127 2277 
140: 296 1340 1399 1958 2019 2230 
141: 1075 1329 1404 1604 1606 2018 
142: 469 1212 1479 1660 
143: 298 870 1308 2302 
144: 367 
145: 424 789 1126 1251 
146: 158 485 650 1156 
147: 1059 1660 
148: 811 1138 1674 2307 
149: 212 617 2194 
150: 746 
151: 599 913 1196 1410 
152: 2269 
153: 731 739 1784 1877 1878 
154: 1237 1279 1705 
155: 800 1441 1446 1654 1988 
156: 235 1144 1363 1897 
157: 69 
158: 146 539 970 1469 1803 
159: 500 778 1145 1188 
160: 1812 
161: 1051 2029 
162: 55 1026 2074 
163: 56 781 1687 
164: 1890 2106 2194 
165: 1972 2172 
166: 1642 
167: 1790 
168: 279 817 
169: 668 778 843 863 1448 2180 
170: 698 866 1435 
171: 604 833 
172: 615 861 1254 
173: 462 658 
174: 1704 
175: 13 820 1393 1936 2241 
176: 189 194 1073 
177: 1991 
178: 51 933 
179: 537 1450 1642 
180: 605 
181: 71 482 1843 2072 2208 
182: 246 
183: 1231 
184: 126 1734 
185: 45 
186: 526 620 866 1892 
187: 1161 1802 1814 2005 
188: 952 1618 
189: 176 1325 1398 
190: 1605 
191: 366 699 1404 1910 2155 
192: 675 1623 
193: 765 990 1265 
194: 176 367 1003 
195: 377 1594 
196: 2174 
197: 1008 1477 
198: 1365 1369 2332 
199: 118 900 969 1206 2260 2290 
200: 1260 
201: 40 
202: 272 488 
203: 413 504 675 
204: 80 405 1683 
205: 1880 
206: 413 812 
207: 1354 1365 1721 
208: 1276 2129 
209: 656 744 1132 1606 
210: 273 537 
211: 504 632 677 835 
212: 149 
213: 279 961 1928 
214: 107 1024 
215: 737 1431 2143 
216: 561 2029 
217: 911 1079 1237 
218: 13 74 1217 1635 1817 2223 
219: 247 
220: 1730 2066 
221: 72 832 1715 1737 2071 
222: 49 714 983 1164 1183 1424 2332 
223: 1479 
224: 1087 1286 
225: 362 898 1237 1317 1465 1605 1720 
226: 1348 
227: 1188 1666 1670 2007 
228: 292 1276 1322 
229: 548 
230: 398 1168 
231: 1788 1821 1842 1967 
232: 2144 
233: 1255 1911 
234: 483 1734 
235: 104 156 702 1168 1854 1991 
236: 112 122 1822 
237: 348 352 1451 2072 
238: 1368 
239: 1394 
240: 440 1454 
241: 591 1173 2169 
242: 1136 
243: 94 352 1297 2157 
244: 530 578 
245: 582 664 1680 
246: 182 613 
247: 219 524 807 1008 1473 2001 
248: 26 970 1509 
249: 575 578 1046 
250: 1163 
251: 876 1873 2091 
252: 278 1021 1558 1699 1964 
253: 322 
254: 86 392 755 1516 
255: 361 926 1996 
256: 20 1333 
257: 837 1239 1566 1681 
258: 122 1128 1384 2315 
259: 1797 
260: 441 
261: 865 1416 
262: 609 678 715 1244 2146 2181 
263: 1624 
264: 1776 
265: 680 1664 2178 2253 
266: 1256 
267: 1167 
268: 531 2274 
269: 2249 
270: 991 1793 
271: 414 
272: 202 1452 
273: 210 1260 1534 1949 2080 
274: 704 897 1129 
275: 18 432 736 
276: 61 368 1973 2092 2170 
277: 2221 
278: 252 722 809 1072 1268 2205 
279: 168 213 1260 
280: 1837 
281: 2049 2165 
282: 6 527 728 806 836 1044 1548 
283: 135 1266 1849 
284: 1739 2139 
285: 2074 
286: 357 1866 2066 
287: 15 443 1014 1197 1311 2130 
288: 816 
289: 757 927 936 1599 1694 2002 
290: 56 929 
291: 831 1998 
292: 228 465 1967 1993 
293: 1048 1504 2164 2319 
294: 1497 
295: 17 
296: 140 852 1595 2142 2264 
297: 1934 2153 
298: 143 770 958 1107 1363 1508 2127 
299: 1266 1453 
300: 665 1412 1623 
301: 740 822 
302: 748 2195 
303: 642 1091 1119 1343 1374 
304: 716 
305: 135 421 1635 1667 1867 2284 
306: 594 1031 1804 
307: 1032 2104 
308: 93 970 1607 
309: 657 852 914 937 1193 2020 
310: 2313 
311: 631 662 1017 1298 1513 2240 
312: 67 126 1198 2257 
313: 103 435 935 1202 1312 1328 1935 
314: 54 819 1379 
315: 958 2055 
316: 739 959 
317: 2092 
318: 1103 1982 
319: 780 1046 1151 1247 1374 1449 
320: 1414 1530 
321: 1346 1993 
322: 253 802 2225 
323: 1562 
324: 360 629 
325: 650 1133 2072 2302 
326: 639 827 1148 2159 
327: 1484 
328: 408 1142 1851 1937 
329: 2332 
330: 730 865 1139 1304 1415 1532 1652 2328 
331: 2054 
332: 412 578 
333: 81 1368 2018 
334: 584 2188 
335: 881 1414 
336: 486 807 846 2281 
337: 1145 1153 1176 1437 1546 2177 
338: 341 730 1070 1926 1934 
339: 1221 1786 1837 1978 2036 2136 
340: 1218 1362 
341: 338 444 642 1361 1618 
342: 867 1162 1773 
343: 525 
344: 875 2063 
345: 393 1171 1983 
346: 760 1342 
347: 91 1906 2320 
348: 237 441 1138 1411 2115 2287 
349: 998 2211 
350: 2140 
351: 524 
352: 237 243 1984 
353: 978 
354: 1001 1165 
355: 1079 
356: 497 924 1443 
357: 286 2052 
358: 418 721 842 
359: 820 1612 2283 2286 
360: 324 574 592 819 1238 1403 
361: 255 1355 1761 1835 
362: 225 1126 1483 1758 
363: 1101 1910 
364: 93 789 
365: 1203 1382 1766 2166 
366: 191 819 1024 
367: 144 194 1042 1056 1468 2321 
368: 2 276 485 1105 
369: 432 1135 
370: 944 1188 2022 2130 2158 2272 
371: 506 596 2217 2291 
372: 790 1026 1107 1672 
373: 516 2064 
374: 844 
375: 554 724 984 1020 1208 
376: 1766 
377: 195 1393 
378: 492 2098 
379: 1657 1801 2083 
380: 18 472 895 1236 1312 2311 
381: 81 545 1328 
382: 1233 1268 1390 2180 2280 2289 
383: 1169 1290 2196 2255 
384: 810 1210 1481 1530 2216 
385: 710 894 1288 2204 
386: 97 980 2317 
387: 1388 2185 2199 
388: 622 1276 
389: 1046 1086 1437 1504 
390: 693 1963 
391: 676 989 1297 2314 
392: 254 913 1067 1105 2042 
393: 345 624 642 1211 
394: 1264 1895 
395: 21 1543 1682 1946 2140 
396: 741 1098 1801 2041 2132 
397: 2161 
398: 230 859 1825 
399: 1703 1857 
400: 973 1813 
401: 569 831 1907 
402: 532 1169 1312 1334 1523 
403: 2094 
404: 734 870 1112 1155 1452 1963 
405: 204 1432 
406: 1278 1512 
407: 833 
408: 328 1979 
409: 1178 1716 
410: 837 1785 2224 
411: 418 
412: 332 616 665 1777 2265 
413: 203 206 1320 1452 1828 2290 
414: 271 1593 
415: 1632 
416: 36 1140 
417: 841 1669 2282 
418: 16 358 411 464 1999 
419: 1005 1854 
420: 1731 
421: 305 1804 
422: 755 1188 1421 1770 1827 
423: 545 1170 1239 1752 1907 
424: 145 1667 1920 
425: 78 1501 2338 
426: 50 1156 1373 1527 
427: 451 533 1404 
428: 2064 
429: 1256 
430: 134 
431: 1423 
432: 275 369 2306 
433: 1050 1319 1650 
434: 2188 
435: 313 1159 1322 
436: 1130 
437: 1765 1967 
438: 2208 
439: 461 489 
440: 240 500 713 739 1645 2138 
441: 260 348 752 1926 2204 
442: 2126 2178 
443: 56 287 600 1145 1607 
444: 341 2275 
445: 847 
446: 113 132 625 700 1317 1839 
447: 507 613 676 905 1661 1806 
448: 110 849 1268 1407 2237 
449: 931 2329 
450: 489 1051 1464 1578 1782 
451: 110 427 
452: 774 2283 
453: 931 2078 
454: 2095 
455: 1210 1820 2190 
456: 544 1124 1892 
457: 459 
458: 1120 
459: 17 83 113 457 491 951 963 1197 1571 
460: 602 893 1336 
461: 439 517 1527 1536 1643 
462: 173 817 1343 1915 
463: 1417 1447 
464: 418 1052 
465: 292 1020 
466: 109 120 564 649 1020 1670 
467: 1150 
468: 51 1946 2197 
469: 142 903 1673 1830 
470: 1952 2021 
471: 1123 1258 1343 1361 
472: 380 949 1506 
473: 708 1577 1946 1954 2244 2311 
474: 2119 2296 
475: 5 717 802 1420 1877 
476: 1522 2112 
477: 36 1043 
478: 741 1695 
479: 1821 2041 
480: 695 
481: 708 1715 2103 
482: 181 1041 1053 1432 2040 
483: 234 2071 2198 
484: 985 
485: 146 368 662 1121 2246 
486: 336 801 842 
487: 74 768 928 
488: 202 675 976 1010 1590 1680 1995 
489: 439 450 799 1347 2130 
490: 952 
491: 32 459 621 1039 1886 
492: 378 2146 
493: 1101 1773 
494: 1042 
495: 541 651 1027 1250 
496: 1017 1563 1894 
497: 356 782 
498: 673 2187 
499: 1993 2086 
500: 159 440 925 933 1083 1200 
501: 920 1533 1707 1922 
502: 1787 1833 
503: 1319 1386 1609 
504: 64 203 211 610 
505: 943 
506: 371 675 892 
507: 447 570 756 1835 1967 2027 
508: 805 
509: 1212 1478 1772 
510: 1325 1706 
511: 1299 2214 
512: 1405 
513: 6 816 
514: 589 1829 
515: 1233 1295 
516: 373 1193 
517: 14 23 27 461 580 827 1236 2304 
518: 789 
519: 1108 2175 2245 
520: 679 1471 2247 
521: 1693 2250 
522: 543 2013 
523: 560 978 
524: 247 351 1996 2242 
525: 343 1466 
526: 186 730 1415 2205 
527: 282 2204 
528: 542 861 1066 1819 2236 2250 
529: 1015 1250 
530: 244 
531: 268 1116 1259 1491 1608 
532: 139 402 2088 
533: 427 
534: 821 945 1308 1334 1726 
535: 780 958 
536: 943 2208 
537: 179 210 726 1104 1432 2053 
538: 1421 2138 
539: 158 
540: 1393 
541: 495 619 1126 1408 
542: 528 1351 1402 
543: 522 748 890 1113 
544: 456 1264 1378 1980 
545: 381 423 929 979 1236 1473 
546: 1230 
547: 1585 1614 1619 1858 1910 1921 
548: 229 784 1170 1354 
549: 52 1285 
550: 1053 1493 1754 2171 
551: 1129 1446 1789 
552: 869 1552 2126 
553: 771 
554: 375 
555: 124 562 987 
556: 1268 
557: 1366 1602 
558: 725 941 1118 1315 1986 
559: 92 902 1078 1688 1867 1922 
560: 523 750 1992 2239 
561: 216 1611 
562: 555 1796 2125 2212 
563: 935 999 1094 1938 
564: 466 1252 1815 1903 
565: 883 1036 1068 1260 
566: 1658 1824 2190 
567: 1001 1725 1788 1802 
568: 660 1258 1500 2042 2215 
569: 401 
570: 507 796 971 1022 1181 
571: 1664 
572: 904 
573: 1 12 2147 
574: 360 1072 1594 1709 
575: 32 249 940 1790 1841 
576: 773 1966 2331 
577: 2162 
578: 244 249 332 802 1135 1866 2222 
579: 878 
580: 517 955 1420 1757 1918 1989 2125 
581: 1047 1174 2075 
582: 245 787 
583: 1068 1233 1558 
584: 334 2064 
585: 742 2109 2340 
586: 666 1134 1758 2097 2223 2225 
587: 1158 1251 
588: 1508 1953 
589: 60 514 906 1378 
590: 1956 2308 
591: 241 1518 1531 
592: 360 1071 1514 2112 
593: 656 1859 2069 2267 
594: 306 707 1655 1931 2153 
595: 877 1517 
596: 371 834 1133 
597: 1146 1333 1732 2210 
598: 2330 
599: 151 616 1681 1832 
600: 443 924 1355 
601: 1366 
602: 460 
603: 116 1829 
604: 171 1681 1942 2039 
605: 180 730 2309 
606: 868 1359 1684 2051 
607: 2305 
608: 75 640 933 
609: 262 1309 1469 1618 
610: 504 1976 
611: 2173 
612: 1932 2058 
613: 246 447 1178 2231 
614: 50 1419 1746 
615: 172 1362 1387 
616: 412 599 
617: 149 
618: 793 1327 1375 1657 1815 2214 
619: 541 1070 2122 
620: 186 1555 2011 2079 
621: 491 1373 2191 
622: 388 627 681 1821 2031 
623: 1113 1398 1700 
624: 393 1427 
625: 446 1703 2113 
626: 709 
627: 622 
628: 1077 1912 
629: 96 324 1081 1746 
630: 1793 
631: 139 311 1034 1269 
632: 211 721 1608 1809 
633: 1097 2020 2127 2151 2280 
634: 50 112 986 
635: 734 1068 
636: 1538 1942 2080 2201 
637: 1324 
638: 15 2162 2333 
639: 326 1185 1359 2330 
640: 608 1040 
641: 689 1846 
642: 15 303 341 393 960 
643: 129 1440 1530 1917 
644: 740 1092 2156 2277 
645: 69 
646: 1271 
647: 664 1865 2261 
648: 1293 1359 2285 
649: 466 1512 
650: 146 325 1079 1457 1973 
651: 495 690 1114 1366 2094 
652: 1243 1517 
653: 973 2197 
654: 1385 1856 
655: 732 989 
656: 126 209 593 
657: 309 1312 1462 1828 
658: 173 1133 1753 
659: 2014 2263 
660: 568 1155 1711 2006 
661: 1587 
662: 311 485 1800 1807 
663: 1103 1653 1744 1749 
664: 245 647 1053 1777 
665: 300 412 1166 1807 
666: 66 586 1517 1586 1720 2149 
667: 1155 2067 2133 
668: 169 855 1701 2142 
669: 139 1163 
670: 992 1321 
671: 731 
672: 33 2073 
673: 89 498 1176 1523 
674: 1173 1223 1698 1751 
675: 192 203 488 506 1613 1693 1897 2219 
676: 391 447 1544 1713 1750 
677: 211 843 
678: 118 262 1719 1875 1978 2221 
679: 520 1101 1278 1880 2088 
680: 265 893 
681: 90 622 1702 
682: 1945 
683: 801 1012 1805 
684: 1458 1762 2112 
685: 732 1051 
686: 1382 
687: 1073 1164 1432 
688: 79 1284 
689: 641 794 1770 
690: 11 92 651 1363 1603 
691: 1154 1186 1638 
692: 2064 
693: 390 1102 2093 2236 
694: 730 1633 1932 
695: 480 1318 1483 1610 
696: 895 1640 
697: 1488 2010 
698: 100 170 
699: 191 
700: 446 1331 1493 
701: 791 1526 1952 
702: 87 235 1150 1961 
703: 2149 
704: 274 1200 
705: 1038 1230 1921 
706: 6 2248 
707: 594 1735 
708: 473 481 
709: 626 775 917 
710: 385 1332 1382 
711: 121 1968 
712: 1947 2280 
713: 440 924 1330 
714: 222 1794 
715: 262 
716: 304 965 977 2126 2233 
717: 475 1682 1771 
718: 1040 1131 
719: 1643 2144 
720: 1421 2164 
721: 358 632 1263 1534 2167 
722: 278 1319 1498 
723: 733 1621 
724: 62 375 1025 1603 1911 
725: 558 762 883 2104 
726: 78 537 
727: 2011 2199 
728: 11 282 880 1936 2331 
729: 1171 2220 
730: 330 338 526 605 694 1204 
731: 133 153 671 
732: 655 685 1183 
733: 723 1313 1437 
734: 404 635 
735: 809 950 2072 
736: 275 1182 1567 2337 
737: 215 
738: 1244 1383 1686 2111 
739: 153 316 440 2153 2239 
740: 301 644 2043 
741: 91 396 478 2004 
742: 585 780 
743: 97 1586 1945 
744: 209 848 1032 1481 1872 2267 
745: 933 1977 
746: 150 1112 1131 2123 2263 
747: 1176 
748: 302 543 1965 
749: 1076 1709 
750: 560 1314 1900 
751: 1692 2133 
752: 441 1394 
753: 859 1022 2134 
754: 1386 1414 1871 2260 
755: 254 422 
756: 507 776 1489 1851 2214 
757: 289 776 1503 
758: 852 1107 1242 2051 2262 
759: 74 1142 2289 
760: 346 
761: 133 
762: 725 
763: 1101 1438 
764: 1290 2037 2127 
765: 193 1862 2049 2254 
766: 1233 1789 2304 
767: 53 1426 
768: 487 896 1456 1929 
769: 1496 1548 
770: 298 1285 1490 
771: 553 1135 
772: 1144 1199 1281 
773: 576 1462 
774: 452 947 1114 2039 
775: 67 709 1443 
776: 756 757 1450 1769 1929 
777: 1587 2069 
778: 159 169 808 
779: 1032 1837 
780: 319 535 742 1662 1745 1787 
781: 163 1002 1845 2070 
782: 497 1624 1628 
783: 858 1732 2303 
784: 83 548 1435 1563 1894 2204 
785: 1178 
786: 955 1526 
787: 582 
788: 1908 2166 
789: 145 364 518 1465 
790: 372 2265 
791: 701 819 2191 
792: 16 1323 1914 
793: 618 910 
794: 689 1251 1495 
795: 1162 
796: 570 909 1546 2054 
797: 69 1625 
798: 1082 1973 1985 
799: 91 489 
800: 58 155 1273 2050 2244 
801: 486 683 1443 1640 
802: 43 322 475 578 1759 1860 
803: 112 2058 2062 
804: 922 1467 1610 2225 
805: 508 1416 
806: 282 
807: 247 336 948 1010 1416 2033 
808: 778 1026 1097 1744 
809: 278 735 937 
810: 384 946 1088 1291 
811: 148 2241 
812: 206 1047 2148 
813: 75 2309 
814: 1010 1572 1814 
815: 94 1332 1848 
816: 288 513 860 1028 
817: 168 462 
818: 121 887 1370 2200 2270 
819: 314 360 366 791 1067 
820: 175 359 826 1583 
821: 534 873 
822: 301 1296 1366 1625 2222 
823: 1484 
824: 1343 1964 
825: 1461 
826: 820 1173 1242 
827: 326 517 
828: 2169 
829: 1100 1354 1683 
830: 1497 
831: 291 401 
832: 221 894 
833: 171 407 882 1472 2050 2117 
834: 596 1256 1904 
835: 211 1381 1860 1943 
836: 282 1666 
837: 257 410 1170 
838: 29 2031 
839: 10 1526 
840: 112 1615 1733 
841: 102 417 1483 1974 2096 
842: 358 486 1405 1934 
843: 169 677 1426 
844: 374 1180 1375 
845: 1876 
846: 38 336 1393 
847: 445 
848: 744 939 997 2063 
849: 448 2243 2294 
850: 31 1423 1847 1951 2055 2311 
851: 1353 1838 2330 
852: 296 309 758 1209 1764 
853: 1573 1817 
854: 1073 1276 1294 1747 
855: 38 668 1015 1189 2234 2317 
856: 1448 2081 2136 2207 
857: 1155 1938 
858: 783 1090 1608 1755 
859: 398 753 
860: 816 904 1472 
861: 172 528 
862: 1356 1806 
863: 169 1283 1866 1936 2279 
864: 1428 1565 1936 
865: 14 261 330 1720 2141 2278 
866: 170 186 1523 1745 2277 
867: 342 
868: 606 943 1839 2157 
869: 41 552 955 1329 
870: 83 143 404 1137 1468 1791 
871: 2170 
872: 95 1979 2144 
873: 821 
874: 110 
875: 344 1630 
876: 251 992 1438 1574 
877: 595 1422 1562 2118 
878: 579 1068 1298 
879: 1690 2194 
880: 728 1038 1270 
881: 335 1992 
882: 833 1183 1847 1880 2055 
883: 80 117 565 725 1186 1692 2282 
884: 34 2310 
885: 1513 1547 
886: 968 1552 
887: 818 
888: 977 1032 1514 
889: 1355 1628 2202 
890: 543 1248 1510 1870 
891: 44 1253 
892: 506 1564 1604 2153 2265 
893: 460 680 
894: 385 832 1095 1348 
895: 380 696 1250 
896: 768 
897: 274 
898: 225 986 1375 1488 
899: 1390 1610 1956 2202 
900: 125 199 1798 2003 
901: 956 1804 
902: 559 1687 
903: 469 
904: 572 860 1549 2195 2318 
905: 447 1400 1684 1963 
906: 589 
907: 1407 
908: 1798 
909: 796 1006 
910: 793 1688 
911: 217 
912: 1291 1494 1653 
913: 24 151 392 1708 2093 
914: 135 309 1261 1658 
915: 1039 1250 1989 
916: 33 2033 
917: 709 2195 
918: 50 1933 1980 
919: 73 125 1322 
920: 501 
921: 1198 1469 1558 2288 
922: 804 2282 
923: 1037 1917 
924: 356 600 713 1585 1599 
925: 500 
926: 255 1616 1905 
927: 289 1760 2285 
928: 487 2089 
929: 290 545 1721 
930: 1215 2123 
931: 449 453 1280 1373 
932: 1646 2068 2097 
933: 91 178 500 608 745 1240 2068 
934: 943 1796 
935: 84 313 563 2122 2164 
936: 289 1352 
937: 309 809 1326 1622 2256 
938: 1020 1086 1277 
939: 848 1063 1180 1197 1832 
940: 575 1524 1746 
941: 558 1945 
942: 2183 
943: 505 536 868 934 1395 
944: 370 1265 
945: 40 534 1202 
946: 810 2129 
947: 774 
948: 807 1035 1815 
949: 472 1988 
950: 735 
951: 459 
952: 188 490 1913 1916 1942 2196 2325 
953: 1304 
954: 1070 1584 2225 
955: 19 580 786 869 
956: 901 1361 1905 
957: 2148 
958: 36 96 298 315 535 1047 1510 
959: 47 316 2248 
960: 642 1677 1908 2298 
961: 213 1256 2341 
962: 1062 
963: 459 1794 
964: 1559 2263 2274 
965: 716 
966: 72 1119 2155 
967: 2168 
968: 886 1288 1619 1737 2127 
969: 199 1086 1326 1347 
970: 158 248 308 1370 
971: 570 1256 
972: 1079 1754 1837 
973: 400 653 1299 
974: 1187 1344 2225 
975: 2035 2074 
976: 488 1444 1597 2271 
977: 716 888 1216 
978: 353 523 1530 1792 2007 2085 
979: 545 1068 1442 
980: 386 
981: 118 991 1425 1743 
982: 1473 1851 2042 2100 
983: 222 1454 
984: 375 1199 
985: 484 1646 1994 2178 
986: 634 898 2048 
987: 555 
988: 1457 1544 2201 
989: 113 391 655 1416 1595 1713 2050 
990: 193 
991: 270 981 1652 1888 
992: 670 876 
993: 1469 1771 
994: 39 1080 1335 2005 
995: 1396 2069 
996: 1655 1675 
997: 848 
998: 117 349 
999: 563 1594 1902 
1000: 23 1031 
1001: 354 567 1787 2258 
1002: 781 1214 1983 2046 2224 2314 
1003: 194 1046 1115 
1004: 1853 2255 
1005: 419 1605 2229 
1006: 909 1447 1470 
1007: 1361 2194 2222 
1008: 197 247 1154 1476 1654 
1009: 1337 1950 2131 
1010: 488 807 814 1381 2137 
1011: 1364 
1012: 683 1674 1929 
1013: 1497 2109 
1014: 287 
1015: 529 855 
1016: 1717 
1017: 131 311 496 1153 1222 1331 
1018: 1462 
1019: 1515 2308 
1020: 375 465 466 938 
1021: 252 1544 
1022: 570 753 1369 2169 
1023: 1728 1961 
1024: 214 366 1569 2343 
1025: 1 724 1365 1973 
1026: 67 162 372 808 1471 
1027: 495 1393 1678 
1028: 816 
1029: 1382 
1030: 92 
1031: 85 306 1000 2047 
1032: 307 744 779 888 1933 
1033: 1759 2314 
1034: 631 1140 1291 1693 
1035: 948 1464 2112 
1036: 101 565 
1037: 33 923 1547 
1038: 705 880 1233 1752 
1039: 491 915 1422 
1040: 640 718 
1041: 134 482 
1042: 367 494 2252 
1043: 477 1847 2001 2247 
1044: 282 
1045: 1079 
1046: 249 319 389 1003 1318 1328 
1047: 127 581 812 958 
1048: 112 293 1258 2039 
1049: 1072 
1050: 433 1305 1904 
1051: 7 161 450 685 1629 2268 
1052: 464 1809 
1053: 482 550 664 
1054: 70 1390 2241 2315 
1055: 1166 1356 
1056: 367 
1057: 1664 2226 
1058: 1498 1607 
1059: 147 1396 
1060: 134 1334 1486 
1061: 1955 2150 
1062: 962 1873 2129 2206 
1063: 939 
1064: 2022 2180 
1065: 74 1474 
1066: 15 111 528 1870 2074 
1067: 392 819 1099 1221 1854 
1068: 565 583 635 878 979 1797 
1069: 1394 1690 
1070: 338 619 954 1391 
1071: 592 1122 1341 
1072: 278 574 1049 1979 
1073: 176 687 854 
1074: 1146 
1075: 103 141 1583 
1076: 749 1509 
1077: 628 2334 
1078: 559 1604 
1079: 217 355 650 972 1045 
1080: 994 1475 1814 2265 
1081: 629 1161 1174 
1082: 101 798 1772 2105 
1083: 500 1673 1879 2146 
1084: 40 85 2058 2103 
1085: 1444 1784 
1086: 389 938 969 1599 
1087: 224 1476 2094 
1088: 810 2025 
1089: 87 1274 2087 2216 
1090: 858 1732 
1091: 303 1259 
1092: 644 1516 2151 
1093: 1447 1592 2115 
1094: 139 563 
1095: 894 1864 
1096: 1647 
1097: 633 808 1224 1416 1564 1694 
1098: 396 1665 
1099: 1067 1824 
1100: 829 
1101: 363 493 679 763 
1102: 693 
1103: 318 663 1334 
1104: 537 2047 
1105: 368 392 2143 
1106: 1874 1892 
1107: 298 372 758 
1108: 519 1117 1292 1741 
1109: 1178 
1110: 86 
1111: 1317 1826 2126 
1112: 404 746 1274 
1113: 543 623 2221 
1114: 81 651 774 1763 1933 
1115: 1003 1372 1441 
1116: 531 1834 
1117: 1108 1614 1826 2014 
1118: 558 1615 
1119: 303 966 1679 1695 1891 
1120: 458 2009 
1121: 485 2338 
1122: 1071 2223 
1123: 96 471 
1124: 456 1194 1922 
1125: 75 
1126: 145 362 541 1481 1512 1532 2207 
1127: 139 1455 
1128: 258 1667 2327 
1129: 274 551 1641 
1130: 436 2253 
1131: 718 746 1220 1854 1863 
1132: 209 1790 2026 
1133: 325 596 658 2236 
1134: 586 1468 1804 
1135: 369 578 771 1485 2266 
1136: 242 
1137: 870 1453 1569 1823 
1138: 148 348 1835 2038 
1139: 330 
1140: 416 1034 1858 
1141: 2265 
1142: 328 759 1271 2101 2191 
1143: 1834 2129 
1144: 156 772 2088 
1145: 18 159 337 443 1194 
1146: 597 1074 
1147: 1373 2068 
1148: 326 1161 1522 
1149: 1436 
1150: 467 702 1190 1647 
1151: 319 1361 
1152: 13 1204 1762 
1153: 337 1017 1241 
1154: 691 1008 
1155: 404 660 667 857 1494 2135 
1156: 133 146 426 1933 
1157: 1911 
1158: 587 1901 
1159: 435 1275 1745 2223 
1160: 1561 
1161: 187 1081 1148 1569 1702 1917 
1162: 119 342 795 2252 
1163: 53 250 669 
1164: 222 687 1258 
1165: 354 1747 2284 
1166: 665 1055 1594 2272 
1167: 267 
1168: 230 235 1199 1506 1554 1650 2241 
1169: 92 383 402 1615 1820 2245 
1170: 423 548 837 1256 1664 
1171: 0 345 729 1338 2177 
1172: 2024 
1173: 41 241 674 826 
1174: 581 1081 1811 2071 
1175: 65 
1176: 337 673 747 
1177: 138 2215 
1178: 409 613 785 1109 1461 2022 
1179: 108 1996 2039 
1180: 844 939 1445 1962 
1181: 570 1931 
1182: 24 736 
1183: 222 732 882 1233 2254 
1184: 72 1303 1589 1765 1906 2057 
1185: 639 
1186: 691 883 1199 
1187: 974 1923 
1188: 104 159 227 370 422 1272 1842 1845 1855 
1189: 855 2279 
1190: 1150 
1191: 1423 
1192: 31 1575 
1193: 13 309 516 
1194: 1124 1145 1399 1528 1971 
1195: 1844 2050 2186 
1196: 151 2082 
1197: 287 459 939 
1198: 312 921 2329 
1199: 130 772 984 1168 1186 
1200: 500 704 
1201: 1884 2282 
1202: 313 945 1430 
1203: 365 
1204: 730 1152 1550 2030 2162 
1205: 1231 
1206: 199 
1207: 2038 2240 
1208: 375 1227 
1209: 852 
1210: 384 455 1260 2019 
1211: 393 1383 
1212: 142 509 1485 1937 1978 
1213: 1286 1620 1767 2343 
1214: 1002 1228 1904 
1215: 930 
1216: 977 1834 
1217: 218 1855 
1218: 340 2088 
1219: 1930 
1220: 1131 1737 
1221: 339 1067 1385 
1222: 1017 
1223: 674 1266 1908 
1224: 1097 2147 2314 
1225: 43 1313 
1226: 1260 2035 2281 
1227: 1208 2224 
1228: 1214 1574 1883 
1229: 2343 
1230: 546 705 
1231: 183 1205 1529 2048 
1232: 2236 
1233: 382 515 583 766 1038 1183 2069 
1234: 1372 1644 
1235: 1472 2173 
1236: 380 517 545 1892 2197 2273 
1237: 154 217 225 
1238: 0 360 
1239: 21 257 423 1857 
1240: 18 933 2342 
1241: 1153 1279 1372 1712 2152 2263 
1242: 758 826 
1243: 652 1387 1903 
1244: 262 738 1330 
1245: 2018 
1246: 1912 
1247: 82 105 319 1850 
1248: 42 69 890 1251 1533 1929 2056 
1249: 111 1740 
1250: 495 529 895 915 
1251: 145 587 794 1248 
1252: 564 
1253: 107 891 
1254: 172 1446 1802 1840 
1255: 14 233 1382 1598 1759 
1256: 266 429 834 961 971 1170 1994 
1257: 1589 1958 
1258: 471 568 1048 1164 
1259: 86 531 1091 2172 
1260: 200 273 279 565 1210 1226 
1261: 914 
1262: 1951 
1263: 74 721 
1264: 394 544 1909 
1265: 193 944 1645 
1266: 283 299 1223 
1267: 89 1890 
1268: 278 382 448 556 1929 
1269: 631 1626 1877 
1270: 880 1293 1580 
1271: 646 1142 1854 1968 
1272: 1188 
1273: 800 
1274: 1089 1112 1997 
1275: 1159 1728 
1276: 208 228 388 854 1700 
1277: 938 1425 1651 1735 
1278: 406 679 1291 2331 
1279: 154 1241 1321 
1280: 931 
1281: 73 772 2017 
1282: 1785 
1283: 131 863 1772 1783 2115 
1284: 688 1815 1874 
1285: 549 770 1934 
1286: 224 1213 
1287: 1447 
1288: 48 385 968 
1289: 19 1578 1962 
1290: 383 764 
1291: 810 912 1034 1278 1412 
1292: 1108 1338 1427 
1293: 648 1270 1589 
1294: 854 1860 
1295: 515 1474 
1296: 22 822 
1297: 243 391 1717 
1298: 311 878 1624 1744 2045 2285 
1299: 511 973 1684 
1300: 12 1626 
1301: 1335 1680 
1302: 1744 
1303: 1184 1452 1508 1711 
1304: 330 953 1865 
1305: 1050 
1306: 2094 
1307: 1748 
1308: 46 143 534 1347 1678 
1309: 609 
1310: 1906 
1311: 287 
1312: 313 380 402 657 1322 1545 1944 2148 
1313: 733 1225 1914 1930 2323 
1314: 750 
1315: 558 1488 2320 
1316: 54 
1317: 25 225 446 1111 
1318: 695 1046 1816 
1319: 433 503 722 
1320: 413 1806 2300 
1321: 0 1 670 1279 
1322: 228 435 919 1312 2101 
1323: 792 1603 1663 2265 
1324: 637 
1325: 189 510 1639 1825 
1326: 937 969 1899 
1327: 618 1396 2084 
1328: 313 381 1046 
1329: 141 869 1559 1886 2033 
1330: 713 1244 1960 2168 
1331: 64 700 1017 1671 1896 1994 2040 
1332: 710 815 1521 1676 1863 1869 
1333: 256 597 1508 
1334: 402 534 1060 1103 1669 
1335: 994 1301 2064 
1336: 460 1695 
1337: 1009 1631 
1338: 1171 1292 2173 
1339: 1867 2099 2326 
1340: 140 
1341: 1071 1620 
1342: 67 346 
1343: 303 462 471 824 
1344: 974 
1345: 1618 
1346: 321 2343 
1347: 125 489 969 1308 1764 
1348: 226 894 1455 1663 
1349: 1710 1998 
1350: 17 
1351: 542 1537 2041 
1352: 936 1482 1980 2067 2140 
1353: 851 1433 
1354: 207 548 829 1635 2227 
1355: 361 600 889 
1356: 862 1055 2023 
1357: 1945 
1358: 1604 2041 
1359: 606 639 648 2043 
1360: 2109 
1361: 341 471 956 1007 1151 1724 
1362: 340 615 
1363: 156 298 690 1701 
1364: 106 1011 2298 
1365: 92 198 207 1025 1615 2139 
1366: 557 601 651 822 
1367: 1369 1570 1896 
1368: 238 333 
1369: 198 1022 1367 2218 
1370: 818 970 1755 2114 
1371: 1581 
1372: 61 1115 1234 1241 1432 1542 2295 
1373: 426 621 931 1147 
1374: 303 319 
1375: 618 844 898 1778 2058 
1376: 2289 
1377: 1978 1995 
1378: 544 589 2024 
1379: 314 
1380: 1395 1709 
1381: 835 1010 1456 1590 1911 
1382: 365 686 710 1029 1255 1795 1817 1940 
1383: 738 1211 
1384: 258 
1385: 654 1221 1640 2296 
1386: 503 754 
1387: 615 1243 
1388: 387 1394 
1389: 0 2127 2310 
1390: 382 899 1054 
1391: 1070 1553 1753 
1392: 1893 
1393: 175 377 540 846 1027 
1394: 99 239 752 1069 1388 
1395: 943 1380 
1396: 995 1059 1327 
1397: 1715 1908 1996 2071 
1398: 189 623 1460 1580 
1399: 140 1194 1841 
1400: 113 905 1949 2173 
1401: 2028 2215 
1402: 542 1871 
1403: 360 1829 1879 2167 
1404: 141 191 427 2082 2128 
1405: 512 842 
1406: 1726 1943 
1407: 448 907 
1408: 541 2244 
1409: 1992 
1410: 151 
1411: 348 
1412: 300 1291 2007 2134 
1413: 1566 2099 
1414: 72 98 320 335 754 1635 1978 
1415: 330 526 1510 1629 2239 
1416: 261 805 807 989 1097 1492 2155 
1417: 463 2260 
1418: 2000 
1419: 614 
1420: 475 580 
1421: 422 538 720 
1422: 877 1039 1709 1757 
1423: 431 850 1191 
1424: 222 2228 
1425: 981 1277 1803 
1426: 11 767 843 
1427: 624 1292 1706 2119 2121 2164 
1428: 864 1626 1814 
1429: 1526 
1430: 1202 2283 
1431: 215 
1432: 131 405 482 537 687 1372 2026 2113 
1433: 1353 1552 1915 2061 
1434: 71 1869 2192 2339 
1435: 170 784 
1436: 1149 1716 
1437: 337 389 733 1912 1974 
1438: 763 876 1775 1871 1939 
1439: 1512 
1440: 643 1711 1931 
1441: 155 1115 2017 2170 
1442: 979 
1443: 356 775 801 1651 
1444: 976 1085 1561 
1445: 1180 1512 
1446: 155 551 1254 1580 1586 1881 
1447: 68 463 1006 1093 1287 1473 
1448: 169 856 1978 2010 
1449: 53 319 1540 
1450: 49 179 776 1573 
1451: 237 
1452: 272 404 413 1303 
1453: 299 1137 1596 
1454: 118 240 983 
1455: 1127 1348 
1456: 52 768 1381 1545 1969 
1457: 650 988 1599 
1458: 95 684 1786 
1459: 1655 1966 1997 
1460: 1398 1878 2338 
1461: 825 1178 1924 2018 
1462: 657 773 1018 
1463: 1497 
1464: 89 450 1035 
1465: 225 789 
1466: 525 2110 
1467: 804 1851 1922 2153 
1468: 367 870 1134 2072 
1469: 29 158 609 921 993 1755 
1470: 1006 1735 
1471: 520 1026 
1472: 833 860 1235 2210 
1473: 247 545 982 1447 2235 
1474: 108 1065 1295 2090 2162 2271 
1475: 1080 
1476: 123 1008 1087 2318 
1477: 197 1662 1873 2125 2240 
1478: 509 2122 
1479: 142 223 1788 
1480: 2274 
1481: 384 744 1126 
1482: 1352 
1483: 76 362 695 841 2016 2044 
1484: 327 823 1964 
1485: 1135 1212 
1486: 1060 
1487: 1608 
1488: 697 898 1315 1559 
1489: 756 1646 
1490: 770 
1491: 531 
1492: 1416 2003 
1493: 550 700 2048 
1494: 912 1155 
1495: 794 
1496: 769 
1497: 114 294 830 1013 1463 1676 1919 2259 
1498: 722 1058 1664 2262 
1499: 2171 
1500: 568 1960 2047 2171 2280 
1501: 425 1656 
1502: 1507 1675 
1503: 757 1859 2104 
1504: 293 389 1696 2324 
1505: 1576 
1506: 472 1168 2249 
1507: 1502 
1508: 28 298 588 1303 1333 
1509: 62 248 1076 
1510: 890 958 1415 
1511: 49 1591 
1512: 406 649 1126 1439 1445 
1513: 311 885 1806 
1514: 592 888 2037 
1515: 1019 2316 
1516: 254 1092 
1517: 595 652 666 1982 
1518: 591 
1519: 73 
1520: 1813 
1521: 1332 2078 2107 
1522: 476 1148 
1523: 402 673 866 
1524: 3 51 68 940 
1525: 1695 2092 
1526: 36 701 786 839 1429 1754 2200 
1527: 113 426 461 2059 2114 
1528: 1194 2308 
1529: 1231 2220 
1530: 320 384 643 978 
1531: 8 591 
1532: 330 1126 1567 1670 1695 
1533: 130 501 1248 1772 
1534: 136 273 721 2183 
1535: 1666 
1536: 461 1799 2225 
1537: 59 1351 
1538: 636 
1539: 1842 
1540: 1449 1809 2300 
1541: 1703 
1542: 51 1372 
1543: 395 
1544: 676 988 1021 
1545: 1312 1456 2038 
1546: 337 796 2343 
1547: 885 1037 
1548: 282 769 1713 
1549: 80 904 
1550: 1204 1641 
1551: 1650 2173 2340 
1552: 552 886 1433 
1553: 1391 1687 
1554: 1168 2039 
1555: 116 120 620 1730 2059 2246 
1556: 2027 
1557: 1883 
1558: 252 583 921 
1559: 57 964 1329 1488 2265 
1560: 2113 
1561: 1160 1444 1636 2305 
1562: 323 877 
1563: 496 784 
1564: 892 1097 1670 1797 2262 
1565: 864 
1566: 257 1413 
1567: 736 1532 
1568: 119 
1569: 1024 1137 1161 2324 
1570: 1367 
1571: 459 2094 
1572: 57 814 1941 1982 
1573: 853 1450 1840 
1574: 876 1228 1697 
1575: 1192 2039 2125 
1576: 122 1505 
1577: 473 
1578: 450 1289 1799 1875 1933 
1579: 1898 
1580: 1270 1398 1446 2124 
1581: 1371 1882 
1582: 2183 
1583: 820 1075 
1584: 954 1773 
1585: 547 924 
1586: 666 743 1446 
1587: 661 777 
1588: 1880 1892 
1589: 1184 1257 1293 
1590: 488 1381 1650 
1591: 93 1511 
1592: 1093 1693 
1593: 137 414 
1594: 195 574 999 1166 
1595: 296 989 1745 
1596: 1453 1819 2283 
1597: 976 
1598: 71 1255 
1599: 289 924 1086 1457 
1600: 2107 2203 
1601: 98 2254 
1602: 557 1764 
1603: 690 724 1323 2086 
1604: 141 892 1078 1358 1957 
1605: 190 225 1005 
1606: 34 141 209 
1607: 308 443 1058 2303 
1608: 531 632 858 1487 1676 
1609: 503 1633 
1610: 695 804 899 1881 2154 2202 
1611: 561 1688 
1612: 359 
1613: 675 
1614: 16 547 1117 
1615: 840 1118 1169 1365 
1616: 926 
1617: 1629 1636 
1618: 64 188 341 609 1345 1887 2098 
1619: 547 968 1661 1885 
1620: 1213 1341 1647 2147 
1621: 723 1711 2067 
1622: 937 
1623: 17 192 300 1984 
1624: 263 782 1298 1799 
1625: 797 822 
1626: 1269 1300 1428 1888 1974 1993 
1627: 1885 
1628: 782 889 
1629: 15 1051 1415 1617 
1630: 875 1989 
1631: 1 1337 2179 
1632: 58 415 
1633: 694 1609 1703 1740 2191 
1634: 2288 
1635: 218 305 1354 1414 1799 
1636: 122 1561 1617 2211 
1637: 1737 1958 
1638: 691 2081 
1639: 1325 1981 
1640: 696 801 1385 1680 
1641: 1129 1550 1925 
1642: 166 179 2343 
1643: 461 719 2084 
1644: 1234 2144 2209 
1645: 440 1265 1721 
1646: 932 985 1489 2155 2190 
1647: 1096 1150 1620 1731 
1648: 20 
1649: 2308 
1650: 433 1168 1551 1590 
1651: 1277 1443 2270 
1652: 58 330 991 1817 1823 
1653: 663 912 1724 
1654: 33 155 1008 2265 
1655: 594 996 1459 1834 
1656: 1501 2244 
1657: 379 618 1892 
1658: 116 566 914 
1659: 1720 1938 2186 
1660: 142 147 2326 
1661: 447 1619 
1662: 780 1477 2078 2123 
1663: 1323 1348 1921 2308 
1664: 265 571 1057 1170 1498 1921 
1665: 1098 1856 
1666: 227 836 1535 
1667: 305 424 1128 
1668: 8 
1669: 417 1334 1699 
1670: 72 227 466 1532 1564 
1671: 1331 2037 2143 
1672: 372 2160 
1673: 33 469 1083 
1674: 52 148 1012 1925 2118 
1675: 26 996 1502 
1676: 1332 1497 1608 1841 
1677: 960 
1678: 1027 1308 
1679: 1119 2228 2324 
1680: 245 488 1301 1640 
1681: 46 257 599 604 2102 
1682: 395 717 
1683: 204 829 1798 
1684: 606 905 1299 
1685: 1784 2190 
1686: 89 738 2289 
1687: 163 902 1553 1836 
1688: 125 559 910 1611 
1689: 1881 1943 
1690: 879 1069 2182 2229 
1691: 1948 
1692: 751 883 1900 
1693: 9 15 521 675 1034 1592 1714 
1694: 52 74 289 1097 
1695: 478 1119 1336 1525 1532 2030 
1696: 1504 
1697: 1574 1783 
1698: 674 
1699: 252 1669 
1700: 623 1276 1985 
1701: 668 1363 
1702: 681 1161 
1703: 399 625 1541 1633 
1704: 78 174 
1705: 154 1992 2037 
1706: 510 1427 2122 
1707: 501 1765 
1708: 913 2034 
1709: 574 749 1380 1422 2217 
1710: 1349 2117 
1711: 660 1303 1440 1621 1748 1870 
1712: 56 93 1241 
1713: 676 989 1548 
1714: 1693 2250 
1715: 221 481 1397 
1716: 409 1436 1774 2279 2343 
1717: 1016 1297 
1718: 2015 
1719: 678 1782 
1720: 225 666 865 1659 
1721: 207 929 1645 
1722: 1811 1917 2241 
1723: 65 1975 
1724: 1361 1653 
1725: 567 1899 2283 
1726: 45 534 1406 2052 
1727: 1922 
1728: 1023 1275 
1729: 1821 2278 
1730: 220 1555 2065 2130 
1731: 420 1647 
1732: 597 783 1090 
1733: 50 840 2183 2342 
1734: 184 234 1779 2324 
1735: 707 1277 1470 2076 2088 
1736: 1747 2038 2093 
1737: 221 968 1220 1637 1998 2307 
1738: 2157 
1739: 4 284 
1740: 52 1249 1633 2008 
1741: 1108 2292 
1742: 0 2290 
1743: 981 2050 2073 
1744: 663 808 1298 1302 2062 
1745: 780 866 1159 1595 2199 
1746: 115 614 629 940 
1747: 854 1165 1736 2187 
1748: 1307 1711 
1749: 663 
1750: 676 
1751: 674 1856 
1752: 423 1038 2143 
1753: 658 1391 
1754: 112 550 972 1526 2157 
1755: 858 1370 1469 
1756: 16 
1757: 580 1422 1949 2212 
1758: 137 362 586 2089 2278 
1759: 802 1033 1255 1827 2020 2236 
1760: 927 
1761: 361 2308 
1762: 684 1152 
1763: 1114 2257 
1764: 852 1347 1602 1998 2022 
1765: 437 1184 1707 2309 
1766: 365 376 1772 1931 2281 
1767: 1213 
1768: 2000 
1769: 776 
1770: 422 689 2015 2135 
1771: 717 993 1875 
1772: 509 1082 1283 1533 1766 2154 
1773: 342 493 1584 
1774: 79 1716 1860 1952 
1775: 95 1438 1835 2070 
1776: 264 1792 
1777: 412 664 1822 1910 
1778: 1375 
1779: 1734 1785 
1780: 2097 2222 
1781: 2156 2180 2291 
1782: 450 1719 
1783: 1283 1697 
1784: 153 1085 1685 
1785: 410 1282 1779 
1786: 339 1458 2331 
1787: 502 780 1001 2072 2215 
1788: 231 567 1479 2004 
1789: 551 766 1927 1936 
1790: 167 575 1132 1937 
1791: 870 
1792: 978 1776 1905 2141 
1793: 28 270 630 1824 1902 
1794: 714 963 2090 2175 2245 
1795: 1382 2175 
1796: 562 934 1810 
1797: 133 259 1068 1564 
1798: 117 900 908 1683 2223 
1799: 1536 1578 1624 1635 1892 
1800: 662 
1801: 379 396 2045 2256 
1802: 187 567 1254 2071 
1803: 158 1425 1826 
1804: 306 421 901 1134 
1805: 683 
1806: 447 862 1320 1513 1849 
1807: 662 665 1849 
1808: 1947 
1809: 632 1052 1540 
1810: 1796 
1811: 1174 1722 
1812: 160 
1813: 400 1520 2031 
1814: 187 814 1080 1428 
1815: 31 564 618 948 1284 
1816: 19 39 1318 
1817: 218 853 1382 1652 2215 
1818: 2107 
1819: 528 1596 
1820: 455 1169 
1821: 231 479 622 1729 
1822: 236 1777 
1823: 1137 1652 2059 
1824: 566 1099 1793 1993 
1825: 398 1325 
1826: 1111 1117 1803 2254 
1827: 422 1759 
1828: 413 657 1958 
1829: 514 603 1403 
1830: 469 
1831: 2016 
1832: 599 939 2105 
1833: 502 2077 
1834: 1116 1143 1216 1655 
1835: 361 507 1138 1775 
1836: 1687 
1837: 280 339 779 972 
1838: 108 851 
1839: 446 868 1887 2108 
1840: 1254 1573 2200 
1841: 575 1399 1676 
1842: 231 1188 1539 1988 
1843: 19 118 181 
1844: 1195 
1845: 781 1188 2259 
1846: 7 641 1913 
1847: 850 882 1043 
1848: 815 
1849: 283 1806 1807 2263 
1850: 91 1247 
1851: 328 756 982 1467 
1852: 2002 
1853: 1004 2323 
1854: 235 419 1067 1131 1271 2238 
1855: 1188 1217 2133 
1856: 654 1665 1751 
1857: 399 1239 
1858: 547 1140 2041 
1859: 593 1503 1970 2141 
1860: 802 835 1294 1774 2234 
1861: 2220 
1862: 765 1956 
1863: 1131 1332 2029 2158 
1864: 1095 
1865: 647 1304 2018 
1866: 286 578 863 1986 
1867: 305 559 1339 2011 
1868: 2065 
1869: 79 1332 1434 
1870: 890 1066 1711 2243 
1871: 754 1402 1438 2204 
1872: 744 
1873: 251 1062 1477 
1874: 1106 1284 
1875: 32 678 1578 1771 2174 2195 
1876: 845 
1877: 153 475 1269 
1878: 85 153 1460 
1879: 1083 1403 2061 
1880: 205 679 882 1588 2096 2234 
1881: 1446 1610 1689 
1882: 34 1581 2050 2333 
1883: 1228 1557 2089 
1884: 11 1201 2301 
1885: 1619 1627 
1886: 491 1329 
1887: 1618 1839 
1888: 991 1626 2214 2293 
1889: 68 2232 2291 
1890: 164 1267 
1891: 1119 
1892: 186 456 1106 1236 1588 1657 1799 2339 
1893: 1392 
1894: 496 784 1895 
1895: 394 1894 
1896: 1331 1367 
1897: 156 675 1925 2031 
1898: 1579 1964 2199 
1899: 1326 1725 2130 
1900: 750 1692 2111 
1901: 1158 
1902: 999 1793 
1903: 564 1243 1951 
1904: 834 1050 1214 1935 
1905: 926 956 1792 1928 
1906: 347 1184 1310 
1907: 19 401 423 2323 
1908: 788 960 1223 1397 
1909: 1264 
1910: 191 363 547 1777 
1911: 233 724 1157 1381 
1912: 628 1246 1437 2215 
1913: 952 1846 
1914: 792 1313 2331 
1915: 462 1433 
1916: 952 2220 2242 
1917: 643 923 1161 1722 
1918: 580 2228 
1919: 1497 
1920: 424 2336 
1921: 547 705 1663 1664 
1922: 501 559 1124 1467 1727 2024 
1923: 53 1187 
1924: 1461 2054 
1925: 1641 1674 1897 
1926: 338 441 
1927: 1789 
1928: 213 1905 2331 
1929: 768 776 1012 1248 1268 
1930: 1219 1313 1932 
1931: 88 594 1181 1440 1766 
1932: 77 612 694 1930 1978 2224 
1933: 918 1032 1114 1156 1578 
1934: 88 297 338 842 1285 
1935: 313 1904 2061 
1936: 175 728 863 864 1789 
1937: 328 1212 1790 
1938: 563 857 1659 2322 
1939: 1438 
1940: 1382 2012 
1941: 1572 
1942: 604 636 952 
1943: 835 1406 1689 
1944: 1312 
1945: 682 743 941 1357 
1946: 395 468 473 2177 
1947: 712 1808 2065 
1948: 1691 
1949: 44 273 1400 1757 2113 
1950: 1009 2019 2020 
1951: 98 850 1262 1903 2222 
1952: 470 701 1774 2170 
1953: 588 
1954: 473 
1955: 71 1061 2220 2250 
1956: 590 899 1862 
1957: 1604 
1958: 140 1257 1637 1828 
1959: 2148 
1960: 1330 1500 
1961: 702 1023 2189 
1962: 1180 1289 
1963: 390 404 905 
1964: 252 824 1484 1898 
1965: 748 
1966: 576 1459 
1967: 231 292 437 507 
1968: 711 1271 2106 2150 
1969: 1456 
1970: 39 1859 
1971: 1194 
1972: 165 
1973: 276 650 798 1025 2117 
1974: 77 841 1437 1626 
1975: 1723 
1976: 610 
1977: 745 
1978: 339 678 1212 1377 1414 1448 1932 
1979: 408 872 1072 
1980: 59 544 918 1352 
1981: 1639 2030 
1982: 63 318 1517 1572 
1983: 112 345 1002 
1984: 352 1623 
1985: 798 1700 2098 
1986: 100 558 1866 2011 2178 
1987: 64 86 
1988: 155 949 1842 2042 2242 
1989: 24 580 915 1630 
1990: 2085 
1991: 177 235 
1992: 560 881 1409 1705 2288 
1993: 292 321 499 1626 1824 2063 
1994: 985 1256 1331 
1995: 488 1377 
1996: 255 524 1179 1397 
1997: 1274 1459 
1998: 291 1349 1737 1764 
1999: 418 
2000: 1418 1768 
2001: 247 1043 
2002: 289 1852 
2003: 900 1492 
2004: 741 1788 
2005: 187 994 2032 2265 
2006: 660 
2007: 227 978 1412 2319 
2008: 89 1740 2060 2094 
2009: 1120 2113 2339 
2010: 697 1448 
2011: 620 727 1867 1986 2339 
2012: 1940 2207 2209 
2013: 522 2074 
2014: 48 659 1117 
2015: 1718 1770 
2016: 1483 1831 2164 
2017: 1281 1441 
2018: 141 333 1245 1461 1865 2232 
2019: 140 1210 1950 2220 
2020: 309 633 1759 1950 
2021: 470 2043 2297 
2022: 370 1064 1178 1764 2061 2099 2317 
2023: 1356 2129 
2024: 1172 1378 1922 
2025: 1088 
2026: 1132 1432 
2027: 507 1556 
2028: 84 1401 2069 
2029: 161 216 1863 
2030: 1204 1695 1981 2162 2307 
2031: 622 838 1813 1897 
2032: 2005 
2033: 19 807 916 1329 2098 
2034: 1708 
2035: 975 1226 
2036: 339 2043 
2037: 764 1514 1671 1705 
2038: 1138 1207 1545 1736 
2039: 604 774 1048 1179 1554 1575 
2040: 482 1331 
2041: 396 479 1351 1358 1858 2173 
2042: 63 392 568 982 1988 
2043: 138 740 1359 2021 2036 
2044: 1483 
2045: 1298 1801 
2046: 1002 
2047: 1031 1104 1500 2273 
2048: 986 1231 1493 
2049: 281 765 
2050: 800 833 989 1195 1743 1882 
2051: 606 758 
2052: 357 1726 
2053: 537 2286 
2054: 5 331 796 1924 
2055: 315 850 882 
2056: 1248 2307 
2057: 1184 
2058: 612 803 1084 1375 
2059: 127 1527 1555 1823 
2060: 2008 
2061: 1433 1879 1935 2022 
2062: 803 1744 2130 
2063: 344 848 1993 
2064: 373 428 584 692 1335 
2065: 1730 1868 1947 2110 
2066: 220 286 
2067: 667 1352 1621 
2068: 932 933 1147 2258 
2069: 593 777 995 1233 2028 2141 
2070: 781 1775 
2071: 221 483 1174 1397 1802 2304 2338 
2072: 181 237 325 735 1468 1787 
2073: 672 1743 2176 
2074: 162 285 975 1066 2013 2174 
2075: 39 121 581 
2076: 1735 
2077: 1833 
2078: 453 1521 1662 2141 
2079: 30 620 
2080: 273 636 
2081: 3 856 1638 2188 2285 2293 2306 
2082: 1196 1404 2232 
2083: 379 
2084: 1327 1643 2175 
2085: 978 1990 
2086: 499 1603 
2087: 1089 
2088: 14 532 679 1144 1218 1735 2139 2283 
2089: 928 1758 1883 
2090: 1474 1794 
2091: 251 
2092: 276 317 1525 2095 2125 2319 
2093: 693 913 1736 2340 
2094: 403 651 1087 1306 1571 2008 
2095: 454 2092 
2096: 87 841 1880 
2097: 586 932 1780 2307 
2098: 378 1618 1985 2033 2253 
2099: 49 1339 1413 2022 
2100: 982 2288 
2101: 1142 1322 
2102: 1681 2311 
2103: 481 1084 
2104: 307 725 1503 
2105: 1082 1832 
2106: 164 1968 2205 
2107: 1521 1600 1818 
2108: 1839 
2109: 585 1013 1360 2195 2306 
2110: 1466 2065 2270 
2111: 738 1900 
2112: 476 592 684 1035 
2113: 625 1432 1560 1949 2009 
2114: 1370 1527 
2115: 348 1093 1283 
2116: 2296 
2117: 833 1710 1973 
2118: 877 1674 
2119: 97 474 1427 2210 2324 
2120: 98 
2121: 1427 
2122: 619 935 1478 1706 2291 
2123: 746 930 1662 2285 
2124: 1580 
2125: 562 580 1477 1575 2092 
2126: 442 552 716 1111 
2127: 82 126 298 633 764 968 1389 
2128: 1404 2248 2335 
2129: 208 946 1062 1143 2023 
2130: 287 370 489 1730 1899 2062 
2131: 1009 
2132: 396 
2133: 667 751 1855 
2134: 753 1412 2333 
2135: 1155 1770 2328 
2136: 339 856 
2137: 1010 
2138: 440 538 2170 
2139: 284 1365 2088 
2140: 350 395 1352 
2141: 865 1792 1859 2069 2078 
2142: 77 296 668 
2143: 215 1105 1671 1752 
2144: 232 719 872 1644 
2145: 2194 
2146: 262 492 1083 2282 
2147: 573 1224 1620 
2148: 812 957 1312 1959 
2149: 666 703 2151 
2150: 1061 1968 
2151: 633 1092 2149 2220 
2152: 1241 
2153: 297 594 739 892 1467 
2154: 98 1610 1772 
2155: 191 966 1416 1646 2336 
2156: 644 1781 2276 
2157: 1 243 868 1738 1754 
2158: 370 1863 
2159: 326 
2160: 1672 
2161: 397 
2162: 577 638 1204 1474 2030 2178 
2163: 2338 
2164: 293 720 935 1427 2016 
2165: 281 
2166: 365 788 
2167: 721 1403 2247 
2168: 967 1330 2296 
2169: 241 828 1022 2297 
2170: 13 24 70 276 871 1441 1952 2138 
2171: 550 1499 1500 
2172: 165 1259 2343 
2173: 611 1235 1338 1400 1551 2041 
2174: 196 1875 2074 2191 
2175: 519 1794 1795 2084 
2176: 2073 
2177: 337 1171 1946 
2178: 265 442 985 1986 2162 
2179: 1631 
2180: 115 169 382 1064 1781 
2181: 262 
2182: 1690 
2183: 942 1534 1582 1733 
2184: 2285 
2185: 387 
2186: 1195 1659 2301 
2187: 42 498 1747 
2188: 334 434 2081 2306 
2189: 1961 
2190: 455 566 1646 1685 2217 
2191: 621 791 1142 1633 2174 
2192: 25 1434 
2193: 2291 
2194: 149 164 879 1007 2145 
2195: 132 302 904 917 1875 2109 
2196: 383 952 
2197: 468 653 1236 
2198: 483 
2199: 387 727 1745 1898 2298 
2200: 57 818 1526 1840 
2201: 636 988 
2202: 889 899 1610 
2203: 1600 2337 
2204: 385 441 527 784 1871 
2205: 278 526 2106 
2206: 1062 
2207: 856 1126 2012 
2208: 181 438 536 
2209: 1644 2012 
2210: 597 1472 2119 
2211: 349 1636 
2212: 562 1757 
2213: 2314 
2214: 511 618 756 1888 
2215: 568 1177 1401 1787 1817 1912 
2216: 384 1089 
2217: 371 1709 2190 
2218: 1369 
2219: 675 
2220: 729 1529 1861 1916 1955 2019 2151 2273 
2221: 277 678 1113 
2222: 578 822 1007 1780 1951 
2223: 49 218 586 1122 1159 1798 
2224: 410 1002 1227 1932 
2225: 322 586 804 954 974 1536 
2226: 76 1057 
2227: 1354 
2228: 1424 1679 1918 
2229: 6 1005 1690 2284 
2230: 140 
2231: 613 
2232: 87 1889 2018 2082 
2233: 716 
2234: 855 1860 1880 
2235: 63 1473 2312 
2236: 528 693 1133 1232 1759 
2237: 448 2303 
2238: 1854 
2239: 560 739 1415 
2240: 57 311 1207 1477 2315 
2241: 175 811 1054 1168 1722 
2242: 10 123 524 1916 1988 
2243: 849 1870 
2244: 473 800 1408 1656 
2245: 519 1169 1794 2249 
2246: 485 1555 
2247: 10 520 1043 2167 
2248: 706 959 2128 
2249: 137 269 1506 2245 
2250: 521 528 1714 1955 
2251: 118 
2252: 1042 1162 
2253: 265 1130 2098 
2254: 765 1183 1601 1826 
2255: 383 1004 
2256: 113 937 1801 
2257: 312 1763 
2258: 1001 2068 
2259: 1497 1845 
2260: 199 754 1417 
2261: 647 
2262: 758 1498 1564 
2263: 88 659 746 964 1241 1849 
2264: 296 
2265: 412 790 892 1080 1141 1323 1559 1654 2005 
2266: 1135 
2267: 593 744 
2268: 102 1051 
2269: 152 2341 
2270: 818 1651 2110 
2271: 976 1474 
2272: 370 1166 
2273: 1236 2047 2220 
2274: 268 964 1480 
2275: 444 
2276: 2156 
2277: 139 644 866 
2278: 865 1729 1758 
2279: 863 1189 1716 
2280: 382 633 712 1500 
2281: 336 1226 1766 
2282: 417 883 922 1201 2146 
2283: 359 452 1430 1596 1725 2088 
2284: 305 1165 2229 
2285: 648 927 1298 2081 2123 2184 
2286: 359 2053 
2287: 348 
2288: 921 1634 1992 2100 
2289: 382 759 1376 1686 
2290: 199 413 1742 
2291: 371 1781 1889 2122 2193 
2292: 107 1741 
2293: 111 1888 2081 
2294: 849 
2295: 1372 
2296: 474 1385 2116 2168 
2297: 2021 2169 
2298: 960 1364 2199 
2299: 60 
2300: 1320 1540 
2301: 1884 2186 
2302: 143 325 
2303: 783 1607 2237 
2304: 517 766 2071 
2305: 607 1561 
2306: 432 2081 2109 2188 
2307: 148 1737 2030 2056 2097 
2308: 71 590 1019 1528 1649 1663 1761 
2309: 605 813 1765 
2310: 884 1389 
2311: 380 473 850 2102 
2312: 2235 
2313: 37 310 
2314: 111 391 1002 1033 1224 2213 
2315: 258 1054 2240 
2316: 1515 
2317: 386 855 2022 
2318: 47 904 1476 
2319: 293 2007 2092 
2320: 347 1315 
2321: 367 
2322: 1938 
2323: 1313 1853 1907 
2324: 22 1504 1569 1679 1734 2119 
2325: 952 
2326: 1339 1660 
2327: 1128 
2328: 330 2135 
2329: 449 1198 
2330: 34 72 598 639 851 
2331: 36 576 728 1278 1786 1914 1928 
2332: 198 222 329 
2333: 638 1882 2134 
2334: 1077 
2335: 2128 
2336: 1920 2155 
2337: 736 2203 
2338: 425 1121 1460 2071 2163 
2339: 1434 1892 2009 2011 
2340: 585 1551 2093 
2341: 106 961 2269 
2342: 1240 1733 
2343: 1024 1213 1229 1346 1546 1642 1716 2172 
