466 
0: 288 369 
1: 158 195 336 384 
2: 14 75 265 411 
3: 55 196 
4: 40 156 189 429 438 
5: 71 95 
6: 108 286 356 
7: 244 445 
8: 180 389 
9: 32 122 241 
10: 15 39 225 346 387 
11: 104 227 270 
12: 100 239 301 
13: 42 302 
14: 2 26 157 405 
15: 10 29 56 282 349 450 460 
16: 113 175 310 456 
17: 125 302 418 
18: 46 156 387 436 459 
19: 148 200 423 
20: 136 178 250 329 
21: 339 435 442 
22: 46 185 209 258 370 420 
23: 91 119 
24: 346 
25: 46 88 111 229 259 
26: 14 146 
27: 401 
28: 399 419 
29: 15 150 173 446 464 
30: 242 309 
31: 354 358 
32: 9 66 
33: 60 78 182 
34: 111 396 
35: 43 
36: 234 290 344 
37: 231 339 375 
38: 239 309 
39: 10 73 234 323 
40: 4 271 376 
41: 92 96 274 
42: 13 125 238 352 
43: 35 146 147 238 399 404 
44: 113 
45: 66 317 
46: 18 22 25 141 165 216 393 394 
47: 133 433 
48: 87 175 277 460 
49: 57 61 361 415 
50: 160 237 412 
51: 265 460 
52: 257 
53: 260 264 433 453 
54: 415 465 
55: 3 59 414 
56: 15 424 
57: 49 226 236 313 423 
58: 71 115 326 346 
59: 55 182 206 215 273 
60: 33 61 89 90 323 
61: 49 60 116 217 329 353 455 
62: 137 400 
63: 92 266 402 
64: 293 303 
65: 335 358 419 
66: 32 45 447 
67: 196 
68: 201 
69: 189 282 344 
70: 171 
71: 5 58 128 173 275 288 350 
72: 211 
73: 39 81 94 99 160 167 
74: 78 108 
75: 2 92 266 270 400 420 
76: 149 209 275 408 
77: 235 289 318 
78: 33 74 100 244 366 
79: 118 226 292 305 362 455 
80: 176 456 
81: 73 86 206 249 
82: 103 185 285 
83: 246 320 
84: 143 380 
85: 217 345 452 
86: 81 290 335 451 
87: 48 306 
88: 25 385 
89: 60 152 387 399 
90: 60 179 273 411 
91: 23 125 376 431 
92: 41 63 75 344 444 
93: 106 243 268 
94: 73 101 118 
95: 5 197 296 447 
96: 41 156 310 321 
97: 133 368 
98: 185 347 437 
99: 73 191 223 292 
100: 12 78 215 372 
101: 94 159 
102: 121 360 
103: 82 219 287 383 409 
104: 11 285 310 
105: 212 216 260 
106: 93 144 224 296 460 
107: 235 305 329 455 
108: 6 74 126 259 276 443 
109: 320 
110: 206 235 349 
111: 25 34 206 233 398 
112: 150 
113: 16 44 136 
114: 174 246 
115: 58 442 
116: 61 220 417 
117: 196 338 375 
118: 79 94 342 
119: 23 130 352 451 
120: 172 198 
121: 102 395 
122: 9 148 245 373 
123: 140 347 
124: 326 
125: 17 42 91 190 205 269 319 
126: 108 230 411 
127: 254 420 
128: 71 266 
129: 269 355 379 411 
130: 119 156 161 316 
131: 269 291 296 
132: 166 
133: 47 97 289 319 
134: 180 398 413 
135: 138 347 
136: 20 113 
137: 62 151 
138: 135 328 
139: 151 287 401 
140: 123 421 
141: 46 257 454 
142: 251 365 398 448 
143: 84 
144: 106 270 303 463 
145: 304 
146: 26 43 154 155 220 418 
147: 43 349 
148: 19 122 287 357 452 
149: 76 280 291 
150: 29 112 392 463 
151: 137 139 423 
152: 89 308 330 464 
153: 174 196 
154: 146 211 428 433 
155: 146 157 170 346 
156: 4 18 96 130 338 362 436 
157: 14 155 181 220 337 413 419 463 
158: 1 
159: 101 291 422 
160: 50 73 
161: 130 428 
162: 376 
163: 428 435 
164: 461 
165: 46 459 
166: 132 370 
167: 73 
168: 216 281 
169: 364 
170: 155 
171: 70 297 
172: 120 239 446 
173: 29 71 
174: 114 153 193 423 
175: 16 48 248 353 437 
176: 80 179 291 432 
177: 199 
178: 20 396 418 449 
179: 90 176 314 339 371 
180: 8 134 402 
181: 157 379 
182: 33 59 
183: 343 361 
184: 383 440 
185: 22 82 98 411 
186: 229 
187: 230 306 430 436 
188: 198 
189: 4 69 241 
190: 125 
191: 99 
192: 290 409 
193: 174 200 433 
194: 347 391 413 458 
195: 1 306 
196: 3 67 117 153 229 366 
197: 95 291 429 
198: 120 188 215 238 263 
199: 177 
200: 19 193 
201: 68 288 314 333 339 
202: 270 
203: 392 
204: 254 392 
205: 125 449 
206: 59 81 110 111 321 
207: 306 
208: 406 
209: 22 76 417 425 
210: 365 
211: 72 154 313 435 443 
212: 105 284 352 367 
213: 346 
214: 451 
215: 59 100 198 254 265 
216: 46 105 168 271 302 
217: 61 85 278 325 
218: 232 268 346 410 
219: 103 300 
220: 116 146 157 297 444 
221: 331 
222: 256 427 
223: 99 228 339 387 
224: 106 235 
225: 10 359 
226: 57 79 348 
227: 11 247 
228: 223 367 384 431 
229: 25 186 196 441 449 
230: 126 187 284 354 448 
231: 37 354 363 
232: 218 
233: 111 341 346 451 
234: 36 39 255 313 
235: 77 107 110 224 261 382 
236: 57 
237: 50 316 362 
238: 42 43 198 378 446 
239: 12 38 172 254 
240: 323 
241: 9 189 256 370 
242: 30 350 
243: 93 
244: 7 78 303 
245: 122 386 
246: 83 114 434 
247: 227 345 
248: 175 266 296 350 
249: 81 
250: 20 
251: 142 388 
252: 374 385 410 451 
253: 314 412 
254: 127 204 215 239 
255: 234 348 354 408 
256: 222 241 
257: 52 141 430 461 
258: 22 
259: 25 108 
260: 53 105 286 291 400 
261: 235 398 
262: 279 323 337 
263: 198 264 
264: 53 263 287 
265: 2 51 215 378 
266: 63 75 128 248 299 428 
267: 313 389 436 456 
268: 93 218 444 
269: 125 129 131 
270: 11 75 144 202 
271: 40 216 362 
272: 347 364 393 
273: 59 90 408 
274: 41 
275: 71 76 294 338 381 
276: 108 445 
277: 48 383 
278: 217 
279: 262 328 373 
280: 149 
281: 168 322 
282: 15 69 
283: 368 
284: 212 230 423 
285: 82 104 335 407 
286: 6 260 308 390 
287: 103 139 148 264 300 
288: 0 71 201 323 
289: 77 133 385 459 
290: 36 86 192 418 
291: 131 149 159 176 197 260 318 333 
292: 79 99 408 
293: 64 
294: 275 444 
295: 351 436 
296: 95 106 131 248 
297: 171 220 345 447 
298: 439 
299: 266 404 
300: 219 287 
301: 12 302 
302: 13 17 216 301 
303: 64 144 244 360 
304: 145 
305: 79 107 316 378 
306: 87 187 195 207 445 
307: 381 391 
308: 152 286 377 447 
309: 30 38 345 458 
310: 16 96 104 341 
311: 335 374 
312: 421 
313: 57 211 234 267 323 
314: 179 201 253 440 
315: 335 
316: 130 237 305 365 397 447 
317: 45 
318: 77 291 334 
319: 125 133 394 403 
320: 83 109 
321: 96 206 
322: 281 410 
323: 39 60 240 262 288 313 446 
324: 372 375 
325: 217 
326: 58 124 
327: 409 453 
328: 138 279 
329: 20 61 107 
330: 152 
331: 221 381 
332: 383 405 407 459 
333: 201 291 404 436 440 
334: 318 419 432 
335: 65 86 285 311 315 
336: 1 
337: 157 262 422 
338: 117 156 275 
339: 21 37 179 201 223 
340: 462 
341: 233 310 424 446 
342: 118 424 
343: 183 
344: 36 69 92 417 
345: 85 247 297 309 
346: 10 24 58 155 213 218 233 
347: 98 123 135 194 272 
348: 226 255 
349: 15 110 147 
350: 71 242 248 389 
351: 295 
352: 42 119 212 
353: 61 175 
354: 31 230 231 255 
355: 129 
356: 6 
357: 148 
358: 31 65 
359: 225 360 
360: 102 303 359 401 
361: 49 183 
362: 79 156 237 271 
363: 231 372 
364: 169 272 372 
365: 142 210 316 
366: 78 196 
367: 212 228 
368: 97 283 386 
369: 0 444 
370: 22 166 241 
371: 179 
372: 100 324 363 364 
373: 122 279 
374: 252 311 
375: 37 117 324 
376: 40 91 162 446 
377: 308 422 
378: 238 265 305 453 
379: 129 181 416 436 
380: 84 
381: 275 307 331 
382: 235 450 
383: 103 184 277 332 
384: 1 228 
385: 88 252 289 
386: 245 368 
387: 10 18 89 223 
388: 251 449 
389: 8 267 350 
390: 286 
391: 194 307 
392: 150 203 204 417 442 
393: 46 272 
394: 46 319 
395: 121 
396: 34 178 461 
397: 316 
398: 111 134 142 261 430 
399: 28 43 89 
400: 62 75 260 
401: 27 139 360 
402: 63 180 
403: 319 406 
404: 43 299 333 
405: 14 332 
406: 208 403 450 
407: 285 332 
408: 76 255 273 292 457 
409: 103 192 327 
410: 218 252 322 
411: 2 90 126 129 185 
412: 50 253 
413: 134 157 194 
414: 55 463 
415: 49 54 
416: 379 419 
417: 116 209 344 392 
418: 17 146 178 290 
419: 28 65 157 334 416 
420: 22 75 127 
421: 140 312 
422: 159 337 377 434 
423: 19 57 151 174 284 
424: 56 341 342 
425: 209 
426: 447 
427: 222 
428: 154 161 163 266 
429: 4 197 447 
430: 187 257 398 
431: 91 228 440 
432: 176 334 439 
433: 47 53 154 193 
434: 246 422 
435: 21 163 211 450 
436: 18 156 187 267 295 333 379 
437: 98 175 
438: 4 
439: 298 432 452 
440: 184 314 333 431 
441: 229 
442: 21 115 392 
443: 108 211 
444: 92 220 268 294 369 451 
445: 7 276 306 
446: 29 172 238 323 341 376 
447: 66 95 297 308 316 426 429 
448: 142 230 
449: 178 205 229 388 
450: 15 382 406 435 
451: 86 119 214 233 252 444 
452: 85 148 439 
453: 53 327 378 460 
454: 141 459 
455: 61 79 107 
456: 16 80 267 
457: 408 
458: 194 309 
459: 18 165 289 332 454 
460: 15 48 51 106 453 461 
461: 164 257 396 460 
462: 340 464 
463: 144 150 157 414 
464: 29 152 462 
465: 54 
