500 
0: 1 4 5 8 9 10 19 20 39 41 47 59 80 81 93 96 98 103 111 146 193 196 205 213 250 292 300 302 306 395 401 408 490 
1: 0 2 3 9 10 19 36 47 53 59 67 81 88 148 172 205 213 222 265 289 299 300 302 325 373 395 408 453 
2: 1 6 13 15 23 41 47 53 59 69 111 117 126 143 147 197 325 382 392 395 
3: 1 9 36 201 395 
4: 0 10 39 213 395 
5: 0 9 10 18 62 80 291 356 440 
6: 2 7 13 23 25 35 41 59 73 96 126 173 174 352 441 478 
7: 6 12 38 51 58 96 173 195 424 441 478 
8: 0 9 14 93 103 146 227 
9: 0 1 3 5 8 10 11 46 47 60 67 74 80 102 154 299 369 385 395 401 
10: 0 1 4 5 9 22 36 46 49 116 172 196 205 213 229 277 395 
11: 9 16 30 60 67 72 110 299 330 369 
12: 7 169 251 
13: 2 6 23 41 45 59 198 434 
14: 8 32 42 97 157 225 
15: 2 17 34 82 106 112 223 295 306 392 
16: 11 72 79 190 408 
17: 15 24 50 112 171 176 423 
18: 5 21 75 101 355 
19: 0 1 47 205 302 
20: 0 68 107 196 
21: 18 75 100 
22: 10 46 48 49 196 213 277 395 
23: 2 6 13 27 29 31 41 59 63 96 140 143 178 186 320 383 
24: 17 105 121 176 
25: 6 26 28 43 57 96 111 124 174 184 210 278 479 
26: 25 28 57 61 92 124 158 210 374 
27: 23 31 40 41 56 63 65 98 140 206 300 320 
28: 25 26 57 85 124 193 426 
29: 23 41 133 345 
30: 11 64 70 123 
31: 23 27 33 41 71 
32: 14 83 157 
33: 31 37 54 71 485 
34: 15 82 141 219 306 
35: 6 84 260 
36: 1 3 10 196 347 395 
37: 33 128 334 384 
38: 7 90 249 484 
39: 0 4 137 155 156 160 213 259 395 
40: 27 41 63 140 143 
41: 0 2 6 13 23 27 29 31 40 44 52 59 77 111 138 143 147 345 366 
42: 14 55 157 202 
43: 25 96 273 
44: 41 52 143 
45: 13 66 198 
46: 9 10 22 91 139 180 182 237 
47: 0 1 2 9 19 76 108 205 333 382 
48: 22 49 109 114 196 254 395 
49: 10 22 48 109 254 395 
50: 17 136 416 
51: 7 89 478 
52: 41 44 456 
53: 1 2 252 325 403 453 454 
54: 33 175 332 485 
55: 42 157 293 
56: 27 65 167 320 
57: 25 26 28 78 92 96 113 124 150 187 210 242 289 374 438 
58: 7 87 94 214 265 424 443 
59: 0 1 2 6 13 23 41 147 478 
60: 9 11 99 120 125 130 299 467 
61: 26 92 96 153 172 286 337 
62: 5 
63: 23 27 40 140 206 360 
64: 30 70 
65: 27 56 206 296 320 
66: 45 191 198 241 276 491 
67: 1 9 11 154 299 
68: 20 129 
69: 2 163 389 
70: 30 64 86 
71: 31 33 194 307 313 407 433 
72: 11 16 
73: 6 104 344 352 441 
74: 9 102 294 299 369 373 
75: 18 21 95 224 
76: 47 108 215 
77: 41 111 148 244 
78: 57 187 210 218 317 374 
79: 16 211 257 451 
80: 0 5 9 159 165 181 275 401 
81: 0 1 148 221 395 408 
82: 15 34 118 219 222 226 306 
83: 32 122 
84: 35 231 
85: 28 115 400 
86: 70 131 166 462 
87: 58 
88: 1 205 
89: 51 208 217 497 
90: 38 192 
91: 46 139 151 180 365 473 
92: 26 57 61 96 174 188 289 
93: 0 8 103 132 144 
94: 58 214 310 338 468 
95: 75 
96: 0 6 7 23 25 43 57 61 92 174 187 188 240 
97: 14 142 145 266 297 
98: 0 27 149 196 300 309 410 
99: 60 
100: 21 212 
101: 18 255 355 364 
102: 9 74 299 
103: 0 8 93 119 144 146 270 
104: 73 261 441 
105: 24 152 
106: 15 324 
107: 20 264 
108: 47 76 247 
109: 48 49 134 189 254 304 395 
110: 11 274 303 368 
111: 0 2 25 41 77 135 147 148 244 387 
112: 15 17 458 
113: 57 187 317 
114: 48 164 254 437 
115: 85 488 
116: 10 235 323 395 
117: 2 281 382 413 
118: 82 219 
119: 103 144 207 270 353 
120: 60 161 
121: 24 475 
122: 83 422 
123: 30 308 
124: 25 26 28 57 150 242 472 
125: 60 245 
126: 2 6 127 490 
127: 126 162 243 279 432 490 494 
128: 37 170 334 
129: 68 
130: 60 216 233 
131: 86 269 462 
132: 93 379 
133: 29 345 
134: 109 189 304 395 
135: 111 147 
136: 50 
137: 39 155 
138: 41 179 203 248 
139: 46 91 365 398 473 
140: 23 27 40 63 168 
141: 34 341 461 
142: 97 
143: 2 23 40 41 44 404 452 
144: 93 103 119 207 353 
145: 97 297 
146: 0 8 103 200 227 
147: 2 41 59 111 135 331 478 
148: 1 77 81 111 238 244 301 408 
149: 98 399 
150: 57 124 242 
151: 91 
152: 105 256 
153: 61 172 
154: 9 67 299 448 483 
155: 39 137 284 348 372 
156: 39 160 209 259 326 
157: 14 32 42 55 177 
158: 26 210 
159: 80 181 
160: 39 156 259 
161: 120 288 
162: 127 243 272 490 
163: 69 
164: 114 437 463 
165: 80 199 246 
166: 86 236 462 
167: 56 262 
168: 140 354 
169: 12 336 411 
170: 128 334 
171: 17 183 232 350 
172: 1 10 61 153 196 314 325 
173: 6 7 
174: 6 25 92 96 253 357 
175: 54 332 485 
176: 17 24 343 423 
177: 157 351 
178: 23 186 
179: 138 495 
180: 46 91 311 365 457 
181: 80 159 
182: 46 185 237 319 
183: 171 
184: 25 278 
185: 182 298 319 
186: 23 178 
187: 57 78 96 113 210 240 317 349 396 
188: 92 96 240 
189: 109 134 254 499 
190: 16 
191: 66 204 241 290 346 430 464 
192: 90 220 228 
193: 0 28 
194: 71 381 407 
195: 7 
196: 0 10 20 22 36 48 98 172 254 271 
197: 2 263 469 
198: 13 45 66 434 491 
199: 165 
200: 146 489 
201: 3 282 395 
202: 42 
203: 138 
204: 191 268 290 419 
205: 0 1 10 19 47 88 
206: 27 63 65 315 320 
207: 119 144 353 
208: 89 217 
209: 156 439 
210: 25 26 57 78 158 187 374 496 
211: 79 363 
212: 100 
213: 0 1 4 10 22 39 329 
214: 58 94 
215: 76 
216: 130 233 
217: 89 208 
218: 78 230 386 447 
219: 34 82 118 312 362 
220: 192 
221: 81 
222: 1 82 453 
223: 15 239 258 392 
224: 75 234 
225: 14 
226: 82 
227: 8 146 
228: 192 
229: 10 395 
230: 218 397 444 
231: 84 
232: 171 
233: 130 216 
234: 224 
235: 116 395 
236: 166 285 462 
237: 46 182 319 
238: 148 408 
239: 223 258 367 429 
240: 96 187 188 318 349 
241: 66 191 
242: 57 124 150 
243: 127 162 490 
244: 77 111 148 301 408 470 493 
245: 125 
246: 165 
247: 108 
248: 138 
249: 38 
250: 0 
251: 12 342 
252: 53 
253: 174 
254: 48 49 109 114 189 196 
255: 101 355 390 449 
256: 152 
257: 79 305 
258: 223 239 367 
259: 39 156 160 267 
260: 35 446 
261: 104 
262: 167 340 
263: 197 469 
264: 107 
265: 1 58 361 
266: 97 
267: 259 420 
268: 204 
269: 131 482 
270: 103 119 376 
271: 196 280 
272: 162 
273: 43 
274: 110 283 287 303 368 465 
275: 80 
276: 66 322 
277: 10 22 436 
278: 25 184 409 421 
279: 127 358 471 490 494 
280: 271 
281: 117 382 413 
282: 201 
283: 274 328 368 377 
284: 155 348 
285: 236 
286: 61 
287: 274 303 
288: 161 477 
289: 1 57 92 438 487 
290: 191 204 327 
291: 5 356 371 
292: 0 
293: 55 359 
294: 74 299 369 
295: 15 
296: 65 
297: 97 145 417 
298: 185 319 321 
299: 1 9 11 60 67 74 102 154 294 339 369 
300: 0 1 27 98 405 
301: 148 244 408 
302: 0 1 19 393 
303: 110 274 287 335 368 
304: 109 134 
305: 257 
306: 0 15 34 82 
307: 71 
308: 123 
309: 98 
310: 94 428 468 
311: 180 365 
312: 219 
313: 71 375 
314: 172 316 
315: 206 
316: 314 
317: 78 113 187 380 396 
318: 240 349 
319: 182 185 237 298 
320: 23 27 56 65 206 391 402 
321: 298 
322: 276 
323: 116 395 
324: 106 
325: 1 2 53 172 453 
326: 156 
327: 290 
328: 283 377 
329: 213 
330: 11 
331: 147 478 
332: 54 175 485 
333: 47 382 
334: 37 128 170 
335: 303 
336: 169 388 
337: 61 466 
338: 94 418 468 
339: 299 
340: 262 
341: 141 461 
342: 251 
343: 176 
344: 73 
345: 29 41 133 442 
346: 191 
347: 36 
348: 155 284 
349: 187 240 318 
350: 171 
351: 177 
352: 6 73 441 
353: 119 144 207 
354: 168 
355: 18 101 255 
356: 5 291 371 492 
357: 174 
358: 279 471 486 
359: 293 370 
360: 63 
361: 265 
362: 219 
363: 211 
364: 101 
365: 91 139 180 311 406 
366: 41 
367: 239 258 415 429 
368: 110 274 283 303 435 
369: 9 11 74 294 299 
370: 359 
371: 291 356 
372: 155 
373: 1 74 378 
374: 26 57 78 210 
375: 313 
376: 270 
377: 283 328 427 
378: 373 
379: 132 
380: 317 396 425 
381: 194 
382: 2 47 117 281 333 
383: 23 
384: 37 
385: 9 480 
386: 218 
387: 111 
388: 336 
389: 69 
390: 255 498 
391: 320 394 
392: 2 15 223 
393: 302 
394: 391 
395: 0 1 2 3 4 9 10 22 36 39 48 49 81 109 116 134 201 229 235 323 
396: 187 317 380 425 
397: 230 
398: 139 473 
399: 149 
400: 85 
401: 0 9 80 481 
402: 320 412 
403: 53 
404: 143 452 455 
405: 300 414 
406: 365 
407: 71 194 
408: 0 1 16 81 148 238 244 301 
409: 278 
410: 98 
411: 169 
412: 402 460 
413: 117 281 474 
414: 405 
415: 367 429 
416: 50 431 
417: 297 
418: 338 
419: 204 
420: 267 445 
421: 278 
422: 122 
423: 17 176 
424: 7 58 
425: 380 396 
426: 28 450 
427: 377 
428: 310 
429: 239 367 415 
430: 191 
431: 416 
432: 127 
433: 71 
434: 13 198 
435: 368 
436: 277 
437: 114 164 
438: 57 289 
439: 209 
440: 5 
441: 6 7 73 104 352 
442: 345 476 
443: 58 
444: 230 
445: 420 
446: 260 
447: 218 459 
448: 154 
449: 255 
450: 426 
451: 79 
452: 143 404 
453: 1 53 222 325 
454: 53 
455: 404 
456: 52 
457: 180 
458: 112 
459: 447 
460: 412 
461: 141 341 
462: 86 131 166 236 
463: 164 
464: 191 
465: 274 
466: 337 
467: 60 
468: 94 310 338 
469: 197 263 
470: 244 493 
471: 279 358 
472: 124 
473: 91 139 398 
474: 413 
475: 121 
476: 442 
477: 288 
478: 6 7 51 59 147 331 
479: 25 
480: 385 
481: 401 
482: 269 
483: 154 
484: 38 
485: 33 54 175 332 
486: 358 
487: 289 
488: 115 
489: 200 
490: 0 126 127 162 243 279 494 
491: 66 198 
492: 356 
493: 244 470 
494: 127 279 490 
495: 179 
496: 210 
497: 89 
498: 390 
499: 189 
