250 
0: 1 21 28 30 31 37 38 45 62 77 81 102 103 111 116 118 120 122 125 127 128 142 158 168 215 220 248 
1: 0 2 3 5 6 7 10 13 18 30 31 37 38 45 57 62 77 81 102 103 112 125 126 127 128 129 135 142 143 150 158 202 204 218 
2: 1 5 10 31 32 35 62 115 126 128 143 150 174 218 
3: 1 4 6 7 9 15 17 19 28 31 38 54 62 102 124 126 127 140 167 175 
4: 3 6 7 9 15 17 20 28 31 128 170 
5: 1 2 8 11 30 32 78 125 126 174 
6: 1 3 4 7 9 17 31 81 118 146 227 
7: 1 3 4 6 9 17 31 34 41 81 101 127 128 170 221 
8: 5 23 42 49 
9: 3 4 6 7 17 80 81 127 168 170 204 
10: 1 2 27 47 51 55 62 126 140 143 148 
11: 5 12 32 174 
12: 11 195 213 
13: 1 14 24 37 52 81 102 133 190 203 222 
14: 13 16 52 79 85 135 202 203 
15: 3 4 17 28 29 80 88 99 242 
16: 14 71 74 85 135 151 190 203 
17: 3 4 6 7 9 15 25 28 66 80 90 119 154 
18: 1 22 31 38 45 67 112 127 
19: 3 28 121 124 142 167 175 236 
20: 4 28 39 61 
21: 0 36 62 120 122 212 
22: 18 26 31 69 92 101 127 
23: 8 40 42 123 
24: 13 37 102 
25: 17 48 113 161 217 
26: 22 110 208 
27: 10 33 51 55 62 98 114 129 140 143 148 193 220 230 
28: 0 3 4 15 17 19 20 61 62 121 
29: 15 84 156 
30: 0 1 5 37 59 78 96 102 125 
31: 0 1 2 3 4 6 7 18 22 38 60 62 101 108 109 127 191 218 
32: 2 5 11 115 150 
33: 27 46 51 98 114 129 176 179 193 206 
34: 7 83 
35: 2 62 218 
36: 21 43 205 
37: 0 1 13 24 30 62 81 100 102 138 
38: 0 1 3 18 31 44 57 62 111 112 118 126 218 
39: 20 61 87 105 188 244 
40: 23 104 
41: 7 81 97 128 233 
42: 8 23 152 186 
43: 36 63 205 211 
44: 38 50 62 183 
45: 0 1 18 76 
46: 33 98 129 193 
47: 10 64 65 143 
48: 25 141 
49: 8 196 246 
50: 44 62 245 
51: 10 27 33 53 58 62 129 148 220 
52: 13 14 79 135 190 
53: 51 73 139 148 220 
54: 3 56 
55: 10 27 62 68 70 95 143 
56: 54 
57: 1 38 62 70 
58: 51 238 249 
59: 30 72 91 231 
60: 31 62 94 
61: 20 28 39 87 
62: 0 1 2 3 10 21 27 28 31 35 37 38 44 50 51 55 57 60 68 70 75 77 127 129 150 204 218 245 
63: 43 
64: 47 130 
65: 47 82 
66: 17 90 119 125 172 174 
67: 18 106 160 
68: 55 62 70 
69: 22 
70: 55 57 62 68 95 207 
71: 16 135 
72: 59 231 
73: 53 107 139 148 
74: 16 85 203 
75: 62 127 131 
76: 45 
77: 0 1 62 81 129 168 204 
78: 5 30 86 89 96 102 169 240 243 
79: 14 52 
80: 9 15 17 178 
81: 0 1 6 7 9 13 37 41 77 97 102 150 168 185 204 
82: 65 247 
83: 34 228 
84: 29 
85: 14 16 74 203 
86: 78 89 96 102 147 
87: 39 61 105 188 244 
88: 15 99 
89: 78 86 93 169 
90: 17 66 119 172 
91: 59 200 226 
92: 22 
93: 89 117 192 223 
94: 60 163 198 
95: 55 70 143 
96: 30 78 86 102 
97: 41 81 102 
98: 27 33 46 176 193 
99: 15 88 181 209 
100: 37 136 225 
101: 7 22 31 
102: 0 1 3 13 24 30 37 78 81 86 96 97 127 131 
103: 0 1 158 197 
104: 40 162 
105: 39 87 144 171 244 
106: 67 160 
107: 73 148 
108: 31 191 
109: 31 
110: 26 208 
111: 0 38 116 164 
112: 1 18 38 137 145 149 
113: 25 187 
114: 27 33 129 132 
115: 2 32 150 
116: 0 111 155 
117: 93 192 
118: 0 6 38 227 248 
119: 17 66 90 134 172 201 
120: 0 21 
121: 19 28 
122: 0 21 212 
123: 23 
124: 3 19 175 239 
125: 0 1 5 30 66 159 174 
126: 1 2 3 5 10 38 
127: 0 1 3 7 9 18 22 31 62 75 102 128 131 191 
128: 0 1 2 4 7 41 127 
129: 1 27 33 46 51 62 77 114 204 
130: 64 
131: 75 102 127 
132: 114 153 214 
133: 13 189 
134: 119 
135: 1 14 16 52 71 151 190 
136: 100 224 
137: 112 145 149 
138: 37 229 
139: 53 73 148 
140: 3 10 27 180 
141: 48 
142: 0 1 19 210 
143: 1 2 10 27 47 55 95 
144: 105 171 
145: 112 137 149 157 
146: 6 
147: 86 
148: 10 27 51 53 73 107 139 
149: 112 137 145 165 166 
150: 1 2 32 62 81 115 204 
151: 16 135 190 
152: 42 182 186 248 
153: 132 214 
154: 17 
155: 116 219 235 
156: 29 
157: 145 
158: 0 1 103 
159: 125 
160: 67 106 
161: 25 
162: 104 173 
163: 94 198 
164: 111 
165: 149 
166: 149 232 
167: 3 19 
168: 0 9 77 81 
169: 78 89 177 
170: 4 7 9 
171: 105 144 184 
172: 66 90 119 
173: 162 
174: 2 5 11 66 125 
175: 3 19 124 
176: 33 98 
177: 169 194 
178: 80 
179: 33 206 216 237 
180: 140 
181: 99 
182: 152 186 
183: 44 
184: 171 
185: 81 
186: 42 152 182 
187: 113 
188: 39 87 199 244 
189: 133 
190: 13 16 52 135 151 203 
191: 31 108 127 
192: 93 117 223 
193: 27 33 46 98 
194: 177 
195: 12 213 
196: 49 
197: 103 
198: 94 163 
199: 188 241 
200: 91 226 
201: 119 
202: 1 14 
203: 13 14 16 74 85 190 
204: 1 9 62 77 81 129 150 
205: 36 43 211 
206: 33 179 
207: 70 
208: 26 110 
209: 99 
210: 142 
211: 43 205 
212: 21 122 
213: 12 195 
214: 132 153 
215: 0 
216: 179 234 
217: 25 
218: 1 2 31 35 38 62 
219: 155 235 
220: 0 27 51 53 
221: 7 
222: 13 
223: 93 192 
224: 136 
225: 100 
226: 91 200 
227: 6 118 
228: 83 
229: 138 
230: 27 
231: 59 72 
232: 166 
233: 41 
234: 216 
235: 155 219 
236: 19 
237: 179 
238: 58 249 
239: 124 
240: 78 
241: 199 
242: 15 
243: 78 
244: 39 87 105 188 
245: 50 62 
246: 49 
247: 82 
248: 0 118 152 
249: 58 238 
