500 
0: 2 3 497 498 499 
1: 2 3 4 80 498 499 
2: 0 1 3 4 5 17 106 
3: 0 1 2 4 5 6 82 272 
4: 1 2 3 5 6 7 
5: 2 3 4 6 7 8 
6: 3 4 5 7 8 9 
7: 4 5 6 8 9 10 472 
8: 5 6 7 9 10 11 
9: 6 7 8 10 11 12 124 
10: 7 8 9 11 12 13 271 
11: 8 9 10 12 13 
12: 9 10 11 13 14 15 106 
13: 10 11 12 14 15 16 
14: 12 13 15 16 17 68 
15: 12 13 14 16 17 18 
16: 13 14 15 18 19 
17: 2 14 15 18 19 20 474 
18: 15 16 17 19 20 21 
19: 16 17 18 20 21 453 
20: 17 18 19 21 22 23 
21: 18 19 20 22 23 24 
22: 20 21 23 24 25 
23: 20 21 22 24 26 
24: 21 22 23 25 26 27 208 
25: 22 24 26 27 28 413 492 
26: 23 24 25 27 28 29 
27: 24 25 26 28 29 30 445 
28: 25 26 27 30 
29: 26 27 30 31 32 346 349 
30: 27 28 29 32 33 41 
31: 29 32 33 34 62 220 
32: 29 30 31 33 34 35 
33: 30 31 32 34 35 36 123 
34: 31 32 33 35 36 
35: 32 33 34 36 37 37 38 
36: 33 34 35 37 38 39 124 234 
37: 35 35 36 38 39 77 118 
38: 35 36 37 39 40 41 
39: 36 37 38 40 41 42 
40: 38 39 41 42 43 
41: 30 38 39 40 42 43 44 
42: 39 40 41 43 44 117 445 
43: 40 41 42 44 45 46 
44: 41 42 43 45 46 47 
45: 43 44 46 47 48 
46: 43 44 45 47 48 49 
47: 44 45 46 48 49 361 
48: 45 46 47 49 50 221 
49: 46 47 48 50 51 422 461 
50: 48 49 51 52 53 
51: 49 50 52 53 54 311 
52: 50 51 53 54 55 
53: 50 51 52 54 56 
54: 51 52 53 55 56 57 
55: 52 54 56 57 58 299 479 
56: 53 54 55 57 58 59 
57: 54 55 56 58 59 60 
58: 55 56 57 59 60 61 
59: 56 57 58 60 61 62 
60: 57 58 59 62 326 
61: 58 59 62 63 64 
62: 31 59 60 61 64 65 
63: 61 64 65 66 458 
64: 61 62 63 65 66 67 
65: 62 63 64 66 68 
66: 63 64 65 67 68 229 
67: 64 66 69 70 431 
68: 14 65 66 69 70 
69: 67 68 70 71 72 89 
70: 67 68 69 72 73 281 
71: 69 72 73 74 422 446 
72: 69 70 71 73 74 75 
73: 70 71 72 74 75 76 
74: 71 72 73 75 76 77 322 
75: 72 73 74 77 78 443 
76: 73 74 77 78 271 
77: 37 74 75 76 78 80 
78: 75 76 77 79 80 81 
79: 78 81 82 235 275 457 457 
80: 1 77 78 81 82 83 375 394 
81: 78 79 80 82 83 84 
82: 3 79 80 81 83 84 
83: 80 81 82 84 85 86 
84: 81 82 83 85 86 87 
85: 83 84 86 87 88 
86: 83 84 85 87 88 234 422 
87: 84 85 86 88 89 90 
88: 85 86 87 89 90 91 
89: 69 87 88 90 91 92 
90: 87 88 89 91 92 93 
91: 88 89 90 93 94 383 
92: 89 90 93 94 95 221 396 
93: 90 91 92 96 468 
94: 91 92 95 96 97 99 
95: 92 94 97 98 126 
96: 93 94 97 98 99 
97: 94 95 96 98 99 100 
98: 95 96 97 99 100 101 
99: 94 96 97 98 100 101 102 
100: 97 98 99 101 102 103 
101: 98 99 100 102 104 176 
102: 99 100 101 103 104 105 
103: 100 102 104 105 397 
104: 101 102 103 105 106 107 240 
105: 102 103 104 106 107 108 
106: 2 12 104 105 107 109 169 255 
107: 104 105 106 108 109 110 228 
108: 105 107 110 111 340 
109: 106 107 110 111 112 
110: 107 108 109 111 113 452 
111: 108 109 110 112 113 114 
112: 109 111 113 114 115 
113: 110 111 112 115 116 
114: 111 112 115 116 117 396 
115: 112 113 114 117 118 
116: 113 114 117 119 194 291 435 
117: 42 114 115 116 119 120 
118: 37 115 119 120 121 446 
119: 116 117 118 120 121 122 
120: 117 118 119 121 122 123 
121: 118 119 120 122 123 124 
122: 119 120 121 125 461 
123: 33 120 121 124 125 126 
124: 9 36 121 123 125 
125: 122 123 124 126 128 306 
126: 95 123 125 127 128 129 
127: 126 128 129 130 
128: 125 126 127 129 130 131 
129: 126 127 128 130 131 467 
130: 127 128 129 131 132 133 
131: 128 129 130 132 133 141 
132: 130 131 133 134 135 
133: 130 131 132 134 135 402 
134: 132 133 135 136 137 266 306 
135: 132 133 134 136 138 424 439 
136: 134 135 137 138 139 259 
137: 134 136 138 139 140 
138: 135 136 137 140 141 288 
139: 136 137 140 141 142 
140: 137 138 139 141 142 143 317 
141: 131 138 139 140 142 144 432 
142: 139 140 141 143 144 145 381 
143: 140 142 144 145 146 
144: 141 142 143 146 172 
145: 142 143 146 147 148 299 
146: 143 144 145 147 148 149 
147: 145 146 148 149 296 
148: 145 146 147 149 150 151 
149: 146 147 148 150 151 152 
150: 148 149 151 152 153 242 
151: 148 149 150 153 154 338 414 
152: 149 150 153 154 155 391 418 
153: 150 151 152 154 155 156 
154: 151 152 153 155 157 
155: 152 153 154 156 157 158 
156: 153 155 157 158 159 243 
157: 154 155 156 158 159 160 
158: 155 156 157 159 160 161 
159: 156 157 158 160 161 
160: 157 158 159 161 162 163 
161: 158 159 160 162 163 164 
162: 160 161 163 164 308 
163: 160 161 162 164 165 166 
164: 161 162 163 165 166 167 
165: 163 164 166 167 168 
166: 163 164 165 167 168 169 
167: 164 165 166 168 169 170 
168: 165 166 167 170 171 
169: 106 166 167 170 171 172 
170: 167 168 169 171 172 173 
171: 168 169 170 172 173 174 
172: 144 169 170 171 173 174 175 
173: 170 171 172 175 176 
174: 171 172 175 176 177 247 331 
175: 172 173 174 177 178 
176: 101 173 174 177 178 179 
177: 174 175 176 178 179 180 
178: 175 176 177 179 180 181 
179: 176 177 178 180 181 182 
180: 177 178 179 181 182 183 
181: 178 179 180 182 183 184 
182: 179 180 181 183 184 185 
183: 180 181 182 184 185 186 
184: 181 182 183 185 187 
185: 182 183 184 186 187 188 444 
186: 183 185 187 188 189 480 
187: 184 185 186 188 189 190 
188: 185 186 187 189 190 191 
189: 186 187 188 190 191 192 
190: 187 188 189 191 192 193 
191: 188 189 190 192 193 194 
192: 189 190 191 193 194 195 248 
193: 190 191 192 194 195 196 
194: 116 191 192 193 195 197 
195: 192 193 194 196 197 198 
196: 193 195 197 198 441 
197: 194 195 196 198 199 200 
198: 195 196 197 199 200 201 
199: 197 198 200 201 202 
200: 197 198 199 201 202 203 
201: 198 199 200 202 203 204 
202: 199 200 201 203 205 
203: 200 201 202 204 205 206 
204: 201 203 205 206 207 319 
205: 202 203 204 206 207 208 
206: 203 204 205 207 209 
207: 204 205 206 208 209 210 
208: 24 205 207 209 336 480 
209: 206 207 208 210 211 212 
210: 207 209 211 212 213 
211: 209 210 212 214 453 
212: 209 210 211 213 214 215 
213: 210 212 214 215 216 
214: 211 212 213 215 216 217 
215: 212 213 214 216 217 218 
216: 213 214 215 217 219 371 
217: 214 215 216 218 219 220 264 
218: 215 217 219 220 
219: 216 217 218 220 221 222 
220: 31 217 218 219 221 222 223 
221: 48 92 219 220 222 224 498 
222: 219 220 221 223 224 225 
223: 220 222 224 225 226 261 
224: 221 222 223 226 227 
225: 222 223 226 227 228 280 439 
226: 223 224 225 227 228 229 
227: 224 225 226 228 229 230 
228: 107 225 226 227 229 231 
229: 66 226 227 228 231 232 
230: 227 231 232 233 
231: 228 229 230 232 233 234 
232: 229 230 231 233 234 235 
233: 230 231 232 234 235 236 
234: 36 86 231 232 233 236 237 
235: 79 232 233 236 237 
236: 233 234 235 237 238 239 
237: 234 235 236 238 239 240 
238: 236 237 239 241 
239: 236 237 238 240 241 242 
240: 104 237 239 242 243 288 
241: 238 239 242 243 244 
242: 150 239 240 241 243 244 245 
243: 156 240 241 242 244 245 246 295 321 
244: 241 242 243 245 246 247 
245: 242 243 244 246 247 248 
246: 243 244 245 247 248 249 
247: 174 244 245 246 248 249 250 
248: 192 245 246 247 250 251 
249: 246 247 250 251 252 
250: 247 248 249 251 252 253 311 
251: 248 249 250 252 253 254 441 
252: 249 250 251 253 254 255 
253: 250 251 252 254 255 256 
254: 251 252 253 255 256 257 
255: 106 252 253 254 256 257 258 
256: 253 254 255 257 258 259 
257: 254 255 256 258 260 326 
258: 255 256 257 259 260 261 
259: 136 256 258 261 262 397 
260: 257 258 261 262 263 
261: 223 258 259 260 262 264 
262: 259 260 261 263 264 265 
263: 260 262 265 266 
264: 217 261 262 265 266 267 
265: 262 263 264 266 267 268 295 
266: 134 263 264 265 267 268 269 
267: 264 265 266 268 269 270 
268: 265 266 267 269 270 
269: 266 267 268 270 271 
270: 267 268 269 271 272 273 
271: 10 76 269 270 272 274 
272: 3 270 271 273 274 275 
273: 270 272 274 275 276 440 
274: 271 272 273 275 276 277 359 
275: 79 272 273 274 276 278 400 
276: 273 274 275 277 278 279 434 
277: 274 276 278 279 280 
278: 275 276 277 279 280 281 
279: 276 277 278 281 282 
280: 225 277 278 282 283 
281: 70 278 279 282 283 284 
282: 279 280 281 283 284 285 489 
283: 280 281 282 284 285 286 
284: 281 282 283 285 286 363 
285: 282 283 284 286 287 288 480 
286: 283 284 285 287 288 289 
287: 285 286 288 289 290 
288: 138 240 285 286 287 289 290 291 
289: 286 287 288 290 291 292 
290: 287 288 289 291 292 293 
291: 116 288 289 290 292 293 488 
292: 289 290 291 293 294 
293: 290 291 292 294 296 
294: 292 293 295 296 297 346 
295: 243 265 294 296 297 298 466 
296: 147 293 294 295 298 299 
297: 294 295 298 299 300 
298: 295 296 297 299 300 301 
299: 55 145 296 297 298 300 301 302 486 
300: 297 298 299 301 302 303 
301: 298 299 300 302 303 304 
302: 299 300 301 303 304 305 
303: 300 301 302 304 305 306 
304: 301 302 303 305 306 424 432 
305: 302 303 304 306 307 308 
306: 125 134 303 304 305 307 308 476 
307: 305 306 308 309 310 
308: 162 305 306 307 309 311 
309: 307 308 310 312 
310: 307 309 311 312 412 430 
311: 51 250 308 310 312 313 314 
312: 309 310 311 313 314 315 
313: 311 312 314 315 
314: 311 312 313 315 316 317 
315: 312 313 314 316 318 
316: 314 315 317 318 319 330 351 
317: 140 314 316 318 319 397 
318: 315 316 317 319 320 321 
319: 204 316 317 318 320 321 322 452 
320: 318 319 321 322 323 
321: 243 318 319 320 323 324 351 
322: 74 319 320 323 324 325 
323: 320 321 322 324 325 326 
324: 321 322 323 325 326 327 327 
325: 322 323 324 326 327 328 
326: 60 257 323 324 325 327 328 329 
327: 324 324 325 326 328 329 
328: 325 326 327 329 330 331 
329: 326 327 328 330 332 
330: 316 328 329 331 332 333 
331: 174 328 330 332 333 334 
332: 329 330 331 333 334 335 
333: 330 331 332 334 335 336 
334: 331 332 333 335 336 337 
335: 332 333 334 336 337 453 
336: 208 333 334 335 337 338 339 
337: 334 335 336 338 339 340 
338: 151 336 337 339 340 341 
339: 336 337 338 340 341 342 
340: 108 337 338 339 341 342 343 
341: 338 339 340 342 343 344 
342: 339 340 341 343 344 345 
343: 340 341 342 344 345 
344: 341 342 343 345 347 
345: 342 343 344 346 347 348 493 
346: 29 294 345 347 348 349 
347: 344 345 346 348 349 350 
348: 345 346 347 349 350 
349: 29 346 347 348 350 352 
350: 347 348 349 352 353 368 
351: 316 321 352 353 354 
352: 349 350 351 353 354 355 
353: 350 351 352 354 355 356 
354: 351 352 353 356 357 
355: 352 353 356 357 358 410 
356: 353 354 355 357 358 359 
357: 354 355 356 358 359 360 
358: 355 356 357 359 360 361 
359: 274 356 357 358 360 362 
360: 357 358 359 361 362 363 
361: 47 358 360 362 363 364 
362: 359 360 361 363 364 365 
363: 284 360 361 362 364 365 366 
364: 361 362 363 365 367 
365: 362 363 364 366 367 368 
366: 363 365 367 368 369 419 
367: 364 365 366 368 369 370 
368: 350 365 366 367 369 370 371 
369: 366 367 368 370 372 395 
370: 367 368 369 371 372 373 454 
371: 216 368 370 372 373 374 
372: 369 370 371 373 374 375 
373: 370 371 372 375 376 
374: 371 372 375 377 
375: 80 372 373 374 376 377 378 
376: 373 375 377 378 379 484 
377: 374 375 376 378 379 380 
378: 375 376 377 379 380 381 
379: 376 377 378 380 381 382 
380: 377 378 379 382 383 472 
381: 142 378 379 382 384 
382: 379 380 381 383 385 
383: 91 380 382 384 386 
384: 381 383 385 386 387 440 
385: 382 384 386 387 388 
386: 383 384 385 387 388 389 
387: 384 385 386 388 389 390 
388: 385 386 387 389 390 391 
389: 386 387 388 390 391 392 
390: 387 388 389 391 392 393 
391: 152 388 389 390 393 394 
392: 389 390 393 394 395 
393: 390 391 392 394 395 396 
394: 80 391 392 393 395 396 
395: 369 392 393 394 396 397 398 
396: 92 114 393 394 395 399 
397: 103 259 317 395 398 399 400 
398: 395 397 399 400 401 
399: 396 397 398 400 401 402 
400: 275 397 398 399 401 402 403 
401: 398 399 400 403 404 
402: 133 399 400 403 404 405 427 464 
403: 400 401 402 404 405 406 
404: 401 402 403 405 406 407 
405: 402 403 404 406 407 408 
406: 403 404 405 407 408 409 
407: 404 405 406 408 409 410 
408: 405 406 407 409 410 411 
409: 406 407 408 410 411 412 
410: 355 407 408 409 411 412 413 
411: 408 409 410 412 413 414 
412: 310 409 410 411 413 414 415 
413: 25 410 411 412 415 416 
414: 151 411 412 415 416 417 
415: 412 413 414 416 417 418 
416: 413 414 415 417 418 419 
417: 414 415 416 419 420 
418: 152 415 416 419 420 435 
419: 366 416 417 418 420 421 
420: 417 418 419 421 422 423 
421: 419 420 422 423 424 
422: 49 71 86 420 421 423 424 
423: 420 421 422 424 425 426 
424: 135 304 421 422 423 425 426 427 
425: 423 424 426 428 
426: 423 424 425 427 428 
427: 402 424 426 429 430 
428: 425 426 429 430 431 431 
429: 427 428 430 431 432 434 
430: 310 427 428 429 431 433 
431: 67 428 428 429 430 432 433 434 
432: 141 304 429 431 433 435 
433: 430 431 432 434 435 436 
434: 276 429 431 433 436 
435: 116 418 432 433 436 437 438 
436: 433 434 435 437 438 439 
437: 435 436 438 440 
438: 435 436 437 439 440 441 
439: 135 225 436 438 440 441 442 
440: 273 384 437 438 439 443 
441: 196 251 438 439 442 443 444 
442: 439 441 443 444 
443: 75 440 441 442 444 445 446 477 
444: 185 441 442 443 445 447 
445: 27 42 443 444 446 447 448 
446: 71 118 443 445 447 448 449 
447: 444 445 446 448 449 450 
448: 445 446 447 449 450 451 
449: 446 447 448 450 451 469 
450: 447 448 449 451 452 453 
451: 448 449 450 452 453 454 
452: 110 319 450 451 454 455 
453: 19 211 335 450 451 454 462 
454: 370 451 452 453 456 
455: 452 456 457 458 
456: 454 455 457 458 459 
457: 79 79 455 456 458 459 460 
458: 63 455 456 457 459 460 461 
459: 456 457 458 460 461 462 
460: 457 458 459 461 462 463 
461: 49 122 458 459 460 462 463 464 
462: 453 459 460 461 463 464 465 
463: 460 461 462 464 465 466 
464: 402 461 462 463 465 
465: 462 463 464 466 467 468 
466: 295 463 465 467 468 469 
467: 129 465 466 468 469 470 
468: 93 465 466 467 469 470 471 
469: 449 466 467 468 470 471 472 
470: 467 468 469 471 473 
471: 468 469 470 472 473 474 
472: 7 380 469 471 473 474 475 
473: 470 471 472 474 475 476 
474: 17 471 472 473 475 477 
475: 472 473 474 476 477 478 
476: 306 473 475 477 479 
477: 443 474 475 476 478 479 480 
478: 475 477 479 480 481 
479: 55 476 477 478 480 481 482 
480: 186 208 285 477 478 479 481 482 
481: 478 479 480 482 483 484 
482: 479 480 481 483 484 485 
483: 481 482 484 485 486 
484: 376 481 482 483 485 486 487 
485: 482 483 484 486 487 488 
486: 299 483 484 485 487 489 
487: 484 485 486 488 490 
488: 291 485 487 489 490 491 
489: 282 486 488 490 491 492 
490: 487 488 489 491 492 493 
491: 488 489 490 492 493 494 
492: 25 489 490 491 494 495 
493: 345 490 491 494 495 496 
494: 491 492 493 495 496 497 
495: 492 493 494 496 497 498 
496: 493 494 495 497 498 499 
497: 0 494 495 496 498 499 
498: 0 1 221 495 496 497 499 
499: 0 1 496 497 498 
