1500 
0: 1 2 3 1497 1498 1499 
1: 0 2 3 4 793 1016 1498 1499 
2: 0 1 3 5 348 1499 
3: 0 1 2 4 5 6 
4: 1 3 5 6 7 489 
5: 2 3 4 6 7 8 
6: 3 4 5 7 8 9 
7: 4 5 6 8 9 10 
8: 5 6 7 9 10 11 
9: 6 7 8 10 11 12 1423 
10: 7 8 9 11 12 13 
11: 8 9 10 12 13 14 201 
12: 9 10 11 13 14 15 
13: 10 11 12 14 15 16 
14: 11 12 13 15 16 17 
15: 12 13 14 16 17 18 
16: 13 14 15 17 18 19 
17: 14 15 16 18 20 
18: 15 16 17 19 20 21 
19: 16 18 20 21 22 526 
20: 17 18 19 21 22 23 1174 
21: 18 19 20 22 23 24 
22: 19 20 21 23 24 25 
23: 20 21 22 25 228 1427 
24: 21 22 25 26 27 
25: 22 23 24 26 27 28 213 
26: 24 25 27 28 29 986 
27: 24 25 26 28 29 30 
28: 25 26 27 29 30 31 
29: 26 27 28 30 31 32 
30: 27 28 29 31 32 33 
31: 28 29 30 32 33 34 824 
32: 29 30 31 33 34 35 
33: 30 31 32 34 35 36 612 
34: 31 32 33 35 36 37 765 
35: 32 33 34 36 37 38 
36: 33 34 35 37 38 39 
37: 34 35 36 38 39 40 
38: 35 36 37 39 957 1219 
39: 36 37 38 40 41 42 
40: 37 39 41 42 43 720 
41: 39 40 42 43 44 225 
42: 39 40 41 43 44 1227 
43: 40 41 42 44 45 46 
44: 41 42 43 45 47 122 
45: 43 44 46 48 
46: 43 45 47 48 49 
47: 44 46 48 49 50 950 
48: 45 46 47 49 50 51 
49: 46 47 48 50 51 52 
50: 47 48 49 51 52 53 
51: 48 49 50 52 53 54 
52: 49 50 51 54 55 415 
53: 50 51 54 55 56 
54: 51 52 53 55 56 57 
55: 52 53 54 56 57 58 
56: 53 54 55 57 58 59 
57: 54 55 56 58 60 1376 
58: 55 56 57 59 60 61 
59: 56 58 60 61 62 
60: 57 58 59 61 63 1067 
61: 58 59 60 62 63 64 
62: 59 61 63 64 65 1171 
63: 60 61 62 64 65 66 1027 
64: 61 62 63 65 66 67 
65: 62 63 64 66 67 68 
66: 63 64 65 67 68 69 
67: 64 65 66 68 69 70 1209 
68: 65 66 67 69 70 71 
69: 66 67 68 70 71 72 
70: 67 68 69 71 72 73 
71: 68 69 70 72 73 74 
72: 69 70 71 73 74 75 
73: 70 71 72 74 75 76 
74: 71 72 73 75 76 77 521 
75: 72 73 74 76 77 78 
76: 73 74 75 77 78 79 
77: 74 75 76 78 79 80 
78: 75 76 77 79 80 81 1215 
79: 76 77 78 80 81 82 
80: 77 78 79 81 82 83 
81: 78 79 80 82 83 84 
82: 79 80 81 83 84 85 
83: 80 81 82 84 85 86 
84: 81 82 83 85 86 87 
85: 82 83 84 86 87 88 
86: 83 84 85 87 88 
87: 84 85 86 88 89 90 
88: 85 86 87 89 90 91 
89: 87 88 90 91 92 339 
90: 87 88 89 91 92 93 
91: 88 89 90 92 93 94 
92: 89 90 91 94 95 1214 
93: 90 91 94 95 96 
94: 91 92 93 95 96 97 
95: 92 93 94 96 97 98 
96: 93 94 95 97 98 99 
97: 94 95 96 98 99 100 
98: 95 96 97 99 100 101 
99: 96 97 98 100 101 290 829 
100: 97 98 99 101 102 103 
101: 98 99 100 102 103 104 1224 
102: 100 101 103 104 105 464 
103: 100 101 102 104 106 
104: 101 102 103 105 106 107 
105: 102 104 106 107 108 1163 1277 
106: 103 104 105 107 108 109 
107: 104 105 106 108 109 110 1117 
108: 105 106 107 109 110 111 983 
109: 106 107 108 110 111 112 
110: 107 108 109 111 112 113 
111: 108 109 110 112 113 114 
112: 109 110 111 113 114 115 
113: 110 111 112 114 115 116 
114: 111 112 113 115 117 637 1368 
115: 112 113 114 116 117 118 
116: 113 115 117 118 119 
117: 114 115 116 119 120 
118: 115 116 119 120 121 323 
119: 116 117 118 120 121 122 
120: 117 118 119 121 122 123 
121: 118 119 120 122 123 124 
122: 44 119 120 121 123 124 125 
123: 120 121 122 124 637 1199 1326 
124: 121 122 123 125 126 127 673 
125: 122 124 126 127 128 
126: 124 125 127 128 
127: 124 125 126 128 129 130 215 1306 
128: 125 126 127 129 130 131 
129: 127 128 130 131 132 950 
130: 127 128 129 131 133 443 
131: 128 129 130 132 133 134 
132: 129 131 134 135 427 
133: 130 131 134 135 136 
134: 131 132 133 135 136 137 
135: 132 133 134 136 137 138 
136: 133 134 135 137 138 139 268 
137: 134 135 136 138 139 140 
138: 135 136 137 139 140 141 988 
139: 136 137 138 140 141 142 
140: 137 138 139 141 142 143 
141: 138 139 140 142 143 144 
142: 139 140 141 143 144 145 
143: 140 141 142 144 145 146 
144: 141 142 143 145 146 147 
145: 142 143 144 146 147 148 
146: 143 144 145 147 148 149 
147: 144 145 146 148 149 150 
148: 145 146 147 149 150 151 
149: 146 147 148 150 151 152 
150: 147 148 149 151 152 153 
151: 148 149 150 152 153 154 
152: 149 150 151 153 154 155 
153: 150 151 152 154 155 675 1099 
154: 151 152 153 155 156 157 
155: 152 153 154 156 157 158 
156: 154 155 157 158 159 1017 
157: 154 155 156 159 160 
158: 155 156 159 160 161 408 1350 
159: 156 157 158 160 161 162 
160: 157 158 159 161 162 163 208 
161: 158 159 160 162 163 164 
162: 159 160 161 163 164 165 
163: 160 161 162 166 177 1001 
164: 161 162 165 166 167 
165: 162 164 166 167 168 
166: 163 164 165 168 169 
167: 164 165 168 169 170 469 
168: 165 166 167 169 170 171 
169: 166 167 168 170 171 172 
170: 167 168 169 171 172 173 528 
171: 168 169 170 172 173 174 1294 
172: 169 170 171 174 175 1253 
173: 170 171 174 175 176 763 
174: 171 172 173 175 177 997 1298 1442 
175: 172 173 174 176 177 178 
176: 173 175 178 179 826 
177: 163 174 175 178 179 180 948 
178: 175 176 177 179 181 1088 
179: 176 177 178 180 181 182 
180: 177 179 181 182 183 
181: 178 179 180 182 183 184 
182: 179 180 181 183 184 185 1066 
183: 180 181 182 184 185 186 
184: 181 182 183 185 186 187 
185: 182 183 184 187 188 971 
186: 183 184 187 188 189 346 
187: 184 185 186 188 189 190 385 
188: 185 186 187 189 190 191 
189: 186 187 188 191 192 1034 
190: 187 188 191 192 193 
191: 188 189 190 192 193 194 
192: 189 190 191 193 194 
193: 190 191 192 194 195 196 
194: 191 192 193 195 196 197 
195: 193 194 196 197 198 244 
196: 193 194 195 197 198 199 
197: 194 195 196 199 200 341 
198: 195 196 199 200 201 
199: 196 197 198 200 201 202 362 
200: 197 198 199 201 202 203 
201: 11 198 199 200 202 204 
202: 199 200 201 203 204 205 
203: 200 202 204 205 206 
204: 201 202 203 205 206 207 
205: 202 203 204 206 207 208 
206: 203 204 205 207 208 209 
207: 204 205 206 208 209 210 
208: 160 205 206 207 210 211 
209: 206 207 210 211 212 
210: 207 208 209 212 327 
211: 208 209 212 213 214 
212: 209 210 211 213 214 215 
213: 25 211 212 216 
214: 211 212 216 583 1270 
215: 127 212 216 217 218 637 
216: 213 214 215 217 218 219 
217: 215 216 218 219 220 
218: 215 216 217 219 220 221 
219: 216 217 218 220 221 222 
220: 217 218 219 221 222 223 
221: 218 219 220 222 223 224 
222: 219 220 221 223 224 225 663 
223: 220 221 222 224 225 226 595 
224: 221 222 223 225 226 227 
225: 41 222 223 224 226 227 228 
226: 223 224 225 227 228 229 
227: 224 225 226 228 229 230 793 1276 
228: 23 225 226 227 229 231 
229: 226 227 228 230 231 232 
230: 227 229 231 232 233 
231: 228 229 230 232 233 234 
232: 229 230 231 233 234 235 1007 
233: 230 231 232 234 235 236 922 
234: 231 232 233 235 236 237 285 
235: 232 233 234 236 237 238 
236: 233 234 235 238 239 1436 
237: 234 235 238 239 240 398 
238: 235 236 237 239 240 241 
239: 236 237 238 240 241 242 
240: 237 238 239 241 242 243 
241: 238 239 240 243 244 1160 
242: 239 240 243 244 1154 
243: 240 241 242 244 245 
244: 195 241 242 243 245 246 247 
245: 243 244 246 247 248 
246: 244 245 247 248 249 915 
247: 244 245 246 248 250 
248: 245 246 247 249 250 251 
249: 246 248 251 252 841 
250: 247 248 251 252 253 1206 
251: 248 249 250 252 253 254 
252: 249 250 251 253 254 255 
253: 250 251 252 254 255 256 
254: 251 252 253 255 256 257 
255: 252 253 254 256 257 258 
256: 253 254 255 257 258 259 
257: 254 255 256 258 259 903 
258: 255 256 257 259 260 261 
259: 256 257 258 261 262 1059 
260: 258 261 262 263 359 
261: 258 259 260 262 263 264 
262: 259 260 261 263 264 265 
263: 260 261 262 264 265 266 
264: 261 262 263 265 266 267 297 
265: 262 263 264 266 267 268 
266: 263 264 265 267 268 269 
267: 264 265 266 268 269 270 
268: 136 265 266 267 269 271 
269: 266 267 268 270 271 272 
270: 267 269 271 272 273 
271: 268 269 270 272 273 274 
272: 269 270 271 273 274 275 
273: 270 271 272 274 275 276 
274: 271 272 273 275 276 277 
275: 272 273 274 276 277 278 
276: 273 274 275 277 278 279 
277: 274 275 276 278 280 1097 
278: 275 276 277 279 280 281 
279: 276 278 280 281 282 
280: 277 278 279 281 282 283 
281: 278 279 280 282 283 284 
282: 279 280 281 283 284 285 
283: 280 281 282 284 285 286 
284: 281 282 283 286 287 
285: 234 282 283 286 287 288 
286: 283 284 285 287 288 289 
287: 284 285 286 288 289 290 
288: 285 286 287 289 290 291 
289: 286 287 288 290 291 292 
290: 99 287 288 289 291 292 293 
291: 288 289 290 292 293 294 
292: 289 290 291 293 294 295 
293: 290 291 292 294 295 296 
294: 291 292 293 295 296 297 
295: 292 293 294 296 1203 
296: 293 294 295 297 298 299 
297: 264 294 296 298 299 300 
298: 296 297 299 919 
299: 296 297 298 300 301 302 
300: 297 299 301 302 303 
301: 299 300 302 303 304 1178 
302: 299 300 301 304 305 
303: 300 301 304 305 306 794 
304: 301 302 303 305 306 307 
305: 302 303 304 306 307 308 
306: 303 304 305 307 308 309 
307: 304 305 306 309 310 
308: 305 306 309 310 311 391 
309: 306 307 308 310 311 312 
310: 307 308 309 311 312 313 
311: 308 309 310 312 313 314 
312: 309 310 311 313 314 315 
313: 310 311 312 314 315 316 
314: 311 312 313 315 316 317 522 
315: 312 313 314 316 317 318 
316: 313 314 315 317 318 319 532 
317: 314 315 316 318 319 320 
318: 315 316 317 319 320 321 
319: 316 317 318 320 321 322 
320: 317 318 319 321 322 323 
321: 318 319 320 322 323 324 
322: 319 320 321 323 324 325 
323: 118 320 321 322 324 325 326 
324: 321 322 323 325 326 327 
325: 322 323 324 326 327 328 1293 
326: 323 324 325 327 328 329 
327: 210 324 325 326 328 329 330 
328: 325 326 327 329 330 331 
329: 326 327 328 330 331 332 1232 
330: 327 328 329 331 332 333 
331: 328 329 330 332 333 334 
332: 329 330 331 333 334 335 
333: 330 331 332 334 335 336 644 
334: 331 332 333 335 336 810 
335: 332 333 334 336 337 338 
336: 333 334 335 337 
337: 335 336 338 339 340 
338: 335 337 339 340 341 940 
339: 89 337 338 340 341 342 477 
340: 337 338 339 341 342 343 
341: 197 338 339 340 342 343 344 618 
342: 339 340 341 343 344 345 
343: 340 341 342 344 346 
344: 341 342 343 345 346 347 986 
345: 342 344 346 347 348 1171 
346: 186 343 344 345 347 348 349 
347: 344 345 346 348 349 350 
348: 2 345 346 347 349 350 351 1210 
349: 346 347 348 350 351 352 
350: 347 348 349 351 352 353 
351: 348 349 350 352 353 354 1082 
352: 349 350 351 353 354 355 
353: 350 351 352 354 355 356 
354: 351 352 353 355 356 357 
355: 352 353 354 356 357 
356: 353 354 355 357 358 359 
357: 354 355 356 358 359 360 635 
358: 356 357 359 360 361 966 
359: 260 356 357 358 361 362 
360: 357 358 361 362 815 
361: 358 359 360 363 364 
362: 199 359 360 363 364 365 
363: 361 362 364 365 366 840 
364: 361 362 363 365 366 367 
365: 362 363 364 366 367 368 
366: 363 364 365 367 368 369 
367: 364 365 366 368 369 370 
368: 365 366 367 369 370 371 
369: 366 367 368 370 371 372 844 
370: 367 368 369 371 372 373 
371: 368 369 370 372 374 905 
372: 369 370 371 373 374 375 
373: 370 372 374 375 376 
374: 371 372 373 375 376 
375: 372 373 374 376 377 378 
376: 373 374 375 377 378 379 889 
377: 375 376 378 379 380 975 
378: 375 376 377 379 380 381 
379: 376 377 378 380 381 382 
380: 377 378 379 382 383 
381: 378 379 382 383 384 596 
382: 379 380 381 383 384 385 
383: 380 381 382 384 385 386 
384: 381 382 383 386 387 
385: 187 382 383 386 387 388 
386: 383 384 385 387 388 389 
387: 384 385 386 389 390 597 
388: 385 386 389 390 391 628 
389: 386 387 388 390 391 392 
390: 387 388 389 391 392 393 
391: 308 388 389 390 392 393 394 
392: 389 390 391 393 394 395 
393: 390 391 392 394 395 427 
394: 391 392 393 395 396 397 
395: 392 393 394 396 397 398 
396: 394 395 397 398 399 
397: 394 395 396 398 399 400 
398: 237 395 396 397 399 401 
399: 396 397 398 400 401 402 
400: 397 399 401 403 
401: 398 399 400 402 403 404 
402: 399 401 403 404 405 1457 
403: 400 401 402 404 405 406 
404: 401 402 403 405 406 1426 
405: 402 403 404 406 407 
406: 403 404 405 407 408 409 1285 
407: 405 406 408 763 
408: 158 406 407 409 410 411 
409: 406 408 410 411 412 844 
410: 408 409 411 412 413 
411: 408 409 410 413 414 1167 
412: 409 410 413 414 415 
413: 410 411 412 414 415 416 
414: 411 412 413 415 416 417 
415: 52 412 413 414 416 417 418 
416: 413 414 415 417 418 419 657 
417: 414 415 416 418 419 420 
418: 415 416 417 419 420 421 
419: 416 417 418 420 421 422 569 943 1132 
420: 417 418 419 422 423 
421: 418 419 422 423 424 1392 
422: 419 420 421 423 424 425 
423: 420 421 422 424 425 426 826 
424: 421 422 423 425 426 427 
425: 422 423 424 426 427 428 
426: 423 424 425 427 428 429 
427: 132 393 424 425 426 428 429 430 
428: 425 426 427 429 430 431 
429: 426 427 428 430 431 432 
430: 427 428 429 431 432 433 
431: 428 429 430 433 434 1257 
432: 429 430 433 434 435 
433: 430 431 432 434 435 436 
434: 431 432 433 435 436 437 491 
435: 432 433 434 436 437 438 936 
436: 433 434 435 437 438 439 
437: 434 435 436 438 439 440 
438: 435 436 437 439 440 1089 
439: 436 437 438 440 441 442 
440: 437 438 439 441 442 443 
441: 439 440 442 443 444 
442: 439 440 441 444 445 620 1038 
443: 130 440 441 444 445 446 597 
444: 441 442 443 445 446 447 
445: 442 443 444 446 447 448 
446: 443 444 445 447 448 449 
447: 444 445 446 448 449 450 
448: 445 446 447 449 450 451 
449: 446 447 448 450 451 452 
450: 447 448 449 451 452 453 
451: 448 449 450 452 453 454 
452: 449 450 451 453 454 455 727 
453: 450 451 452 454 455 456 
454: 451 452 453 455 456 457 1070 
455: 452 453 454 456 457 458 
456: 453 454 455 457 458 459 
457: 454 455 456 458 459 460 1144 
458: 455 456 457 459 460 461 
459: 456 457 458 460 461 462 
460: 457 458 459 461 462 463 
461: 458 459 460 490 
462: 459 460 463 464 465 
463: 460 462 464 465 466 924 
464: 102 462 463 465 466 467 
465: 462 463 464 466 467 468 
466: 463 464 465 467 468 469 
467: 464 465 466 468 469 470 
468: 465 466 467 469 470 471 
469: 167 466 467 468 470 471 472 
470: 467 468 469 471 472 473 
471: 468 469 470 472 473 474 
472: 469 470 471 473 474 475 
473: 470 471 472 474 475 476 
474: 471 472 473 475 476 477 
475: 472 473 474 476 477 478 
476: 473 474 475 477 478 479 
477: 339 474 475 476 478 479 480 
478: 475 476 477 479 480 481 
479: 476 477 478 480 481 482 
480: 477 478 479 481 482 483 
481: 478 479 480 483 484 
482: 479 480 483 484 485 1122 
483: 480 481 482 484 485 486 846 
484: 481 482 483 485 486 487 
485: 482 483 484 486 487 488 1444 
486: 483 484 485 487 488 489 
487: 484 485 486 488 490 
488: 485 486 487 489 490 491 
489: 4 486 488 490 492 
490: 461 487 488 489 491 492 493 
491: 434 488 490 492 494 595 715 
492: 489 490 491 493 494 495 
493: 490 492 494 495 496 
494: 491 492 493 495 496 497 
495: 492 493 494 496 497 498 652 1033 
496: 493 494 495 497 498 499 
497: 494 495 496 498 499 500 
498: 495 496 497 499 500 501 
499: 496 497 498 500 501 502 
500: 497 498 499 501 502 503 
501: 498 499 500 502 503 504 1094 
502: 499 500 501 503 504 505 
503: 500 501 502 504 505 506 
504: 501 502 503 505 507 1063 
505: 502 503 504 506 507 508 
506: 503 505 507 508 509 
507: 504 505 506 508 510 1317 
508: 505 506 507 509 510 511 
509: 506 508 510 511 512 
510: 507 508 509 511 512 513 
511: 508 509 510 512 513 514 
512: 509 510 511 513 515 1264 
513: 510 511 512 514 515 516 
514: 511 513 516 517 
515: 512 513 516 517 518 969 
516: 513 514 515 517 518 519 1266 
517: 514 515 516 518 519 520 
518: 515 516 517 519 521 
519: 516 517 518 520 521 522 
520: 517 519 521 523 913 
521: 74 518 519 520 523 524 
522: 314 519 523 524 525 
523: 520 521 522 525 526 1370 
524: 521 522 525 526 527 
525: 522 523 524 526 527 528 1159 
526: 19 523 524 525 527 528 529 
527: 524 525 526 529 
528: 170 525 526 529 530 531 
529: 526 527 528 530 531 532 
530: 528 529 531 532 533 819 
531: 528 529 530 532 533 534 
532: 316 529 530 531 534 535 
533: 530 531 534 535 536 
534: 531 532 533 535 536 537 
535: 532 533 534 536 537 538 
536: 533 534 535 537 538 539 
537: 534 535 536 538 539 540 
538: 535 536 537 539 540 541 
539: 536 537 538 540 541 542 
540: 537 538 539 541 542 543 
541: 538 539 540 542 543 544 
542: 539 540 541 543 544 545 
543: 540 541 542 544 545 546 
544: 541 542 543 545 546 
545: 542 543 544 546 547 548 
546: 543 544 545 547 548 549 
547: 545 546 548 549 550 1091 
548: 545 546 547 549 550 551 
549: 546 547 548 550 551 552 
550: 547 548 549 551 552 553 852 
551: 548 549 550 552 553 554 
552: 549 550 551 553 554 555 
553: 550 551 552 554 556 
554: 551 552 553 555 556 557 1213 
555: 552 554 556 557 558 563 
556: 553 554 555 557 558 559 
557: 554 555 556 558 560 
558: 555 556 557 559 560 561 
559: 556 558 560 561 562 625 
560: 557 558 559 561 562 563 
561: 558 559 560 562 563 564 
562: 559 560 561 563 564 930 
563: 555 560 561 562 564 565 566 802 
564: 561 562 563 566 567 
565: 563 566 567 568 601 
566: 563 564 565 567 568 
567: 564 565 566 568 569 570 
568: 565 566 567 569 570 571 
569: 419 567 568 570 571 572 
570: 567 568 569 571 572 573 
571: 568 569 570 572 573 574 
572: 569 570 571 573 574 575 
573: 570 571 572 574 575 576 
574: 571 572 573 575 576 577 
575: 572 573 574 576 577 578 
576: 573 574 575 577 578 579 
577: 574 575 576 578 579 580 
578: 575 576 577 579 580 581 
579: 576 577 578 580 581 582 
580: 577 578 579 581 582 583 
581: 578 579 580 582 583 584 
582: 579 580 581 583 584 585 
583: 214 580 581 582 584 585 586 
584: 581 582 583 585 586 587 
585: 582 583 584 586 587 588 
586: 583 584 585 587 588 589 
587: 584 585 586 588 589 590 
588: 585 586 587 589 590 591 
589: 586 587 588 590 591 592 
590: 587 588 589 591 592 593 986 
591: 588 589 590 592 593 594 
592: 589 590 591 593 594 595 
593: 590 591 592 594 596 
594: 591 592 593 595 596 597 613 
595: 223 491 592 594 597 598 
596: 381 593 594 597 598 599 
597: 387 443 594 595 596 598 599 
598: 595 596 597 599 600 601 1412 
599: 596 597 598 600 601 602 
600: 598 599 601 602 603 
601: 565 598 599 600 602 603 604 
602: 599 600 601 603 604 605 
603: 600 601 602 604 605 606 
604: 601 602 603 605 606 607 
605: 602 603 604 606 607 608 
606: 603 604 605 607 608 609 
607: 604 605 606 608 609 610 
608: 605 606 607 609 610 611 
609: 606 607 608 610 611 612 
610: 607 608 609 611 612 613 
611: 608 609 610 612 613 614 
612: 33 609 610 611 613 614 
613: 594 610 611 612 614 616 
614: 611 612 613 615 616 617 656 855 
615: 614 616 617 618 
616: 613 614 615 617 618 619 
617: 614 615 616 618 619 
618: 341 615 616 617 621 729 842 
619: 616 617 620 621 622 
620: 442 619 621 622 623 
621: 618 619 620 622 623 624 
622: 619 620 621 624 625 1141 
623: 620 621 624 625 626 
624: 621 622 623 625 626 627 
625: 559 622 623 624 626 628 1443 
626: 623 624 625 627 628 629 
627: 624 626 628 629 630 
628: 388 625 626 627 629 630 631 
629: 626 627 628 630 631 632 
630: 627 628 629 631 632 633 
631: 628 629 630 632 633 634 
632: 629 630 631 633 634 635 
633: 630 631 632 634 636 
634: 631 632 633 635 636 637 
635: 357 632 634 636 637 638 
636: 633 634 635 637 638 639 
637: 114 123 215 634 635 636 638 639 640 
638: 635 636 637 640 641 
639: 636 637 640 641 642 980 
640: 637 638 639 641 642 643 1254 
641: 638 639 640 642 643 644 
642: 639 640 641 643 644 645 1404 
643: 640 641 642 645 646 671 
644: 333 641 642 645 646 
645: 642 643 644 646 647 648 
646: 643 644 645 647 648 649 
647: 645 646 649 650 
648: 645 646 649 650 651 1230 
649: 646 647 648 650 651 1034 1034 
650: 647 648 649 651 652 653 
651: 648 649 650 652 653 654 
652: 495 650 651 653 654 
653: 650 651 652 654 655 656 
654: 651 652 653 655 656 657 
655: 653 654 657 658 989 
656: 614 653 654 658 659 
657: 416 654 655 659 660 
658: 655 656 659 660 661 
659: 656 657 658 660 661 662 
660: 657 658 659 661 662 
661: 658 659 660 662 663 664 
662: 659 660 661 663 784 
663: 222 661 662 664 665 666 
664: 661 663 665 666 667 
665: 663 664 666 667 668 782 
666: 663 664 665 667 668 669 
667: 664 665 666 668 669 670 
668: 665 666 667 669 670 671 
669: 666 667 668 670 671 672 1058 
670: 667 668 669 671 672 673 
671: 643 668 669 670 672 673 674 
672: 669 670 671 673 674 
673: 124 670 671 672 676 
674: 671 672 675 676 1401 
675: 153 674 676 677 678 1384 
676: 673 674 675 677 678 679 
677: 675 676 678 679 680 
678: 675 676 677 679 680 681 731 
679: 676 677 678 680 681 682 1034 
680: 677 678 679 681 682 683 
681: 678 679 680 682 683 684 1037 
682: 679 680 681 683 684 685 1029 
683: 680 681 682 684 685 686 
684: 681 682 683 685 686 687 
685: 682 683 684 686 687 688 
686: 683 684 685 687 688 689 826 
687: 684 685 686 688 690 842 
688: 685 686 687 689 690 1408 
689: 686 688 690 691 692 
690: 687 688 689 691 692 693 
691: 689 690 692 693 694 776 
692: 689 690 691 694 695 1263 
693: 690 691 694 695 696 
694: 691 692 693 695 696 697 
695: 692 693 694 696 697 698 
696: 693 694 695 697 698 699 
697: 694 695 696 698 699 700 
698: 695 696 697 699 701 856 
699: 696 697 698 700 701 702 
700: 697 699 701 702 703 
701: 698 699 700 702 703 704 
702: 699 700 701 703 704 705 
703: 700 701 702 704 705 706 
704: 701 702 703 705 706 707 
705: 702 703 704 706 707 708 
706: 703 704 705 707 708 709 
707: 704 705 706 708 709 710 1277 
708: 705 706 707 709 710 711 
709: 706 707 708 710 711 712 
710: 707 708 709 711 1188 
711: 708 709 710 712 713 714 928 
712: 709 711 713 714 715 
713: 711 712 714 715 716 
714: 711 712 713 715 716 717 
715: 491 712 713 714 716 718 
716: 713 714 715 717 718 719 
717: 714 716 718 719 720 823 
718: 715 716 717 719 720 721 
719: 716 717 718 720 721 722 
720: 40 717 718 719 722 723 
721: 718 719 722 723 724 1466 
722: 719 720 721 723 724 725 
723: 720 721 722 725 726 
724: 721 722 725 726 727 1064 
725: 722 723 724 726 727 728 
726: 723 724 725 727 728 729 
727: 452 724 725 726 728 729 
728: 725 726 727 729 730 731 
729: 618 726 727 728 730 731 732 
730: 728 729 731 732 733 
731: 678 728 729 730 733 734 
732: 729 730 733 734 735 
733: 730 731 732 734 735 736 
734: 731 732 733 735 736 737 
735: 732 733 734 736 737 738 1218 1428 
736: 733 734 735 737 739 784 
737: 734 735 736 738 739 740 
738: 735 737 739 740 741 
739: 736 737 738 740 741 742 
740: 737 738 739 741 742 743 
741: 738 739 740 742 743 744 
742: 739 740 741 743 744 745 
743: 740 741 742 744 745 746 
744: 741 742 743 745 746 747 
745: 742 743 744 746 747 1158 
746: 743 744 745 747 748 749 
747: 744 745 746 748 749 750 
748: 746 747 749 750 751 1239 
749: 746 747 748 750 751 752 
750: 747 748 749 751 752 1222 
751: 748 749 750 753 754 1235 
752: 749 750 753 754 755 1004 
753: 751 752 754 755 756 
754: 751 752 753 755 756 757 
755: 752 753 754 756 757 758 
756: 753 754 755 757 758 759 
757: 754 755 756 758 759 760 
758: 755 756 757 759 760 761 
759: 756 757 758 760 761 762 
760: 757 758 759 761 762 763 
761: 758 759 760 762 763 764 
762: 759 760 761 763 764 765 
763: 173 407 760 761 762 764 765 766 
764: 761 762 763 765 766 767 
765: 34 762 763 764 766 767 
766: 763 764 765 767 768 769 
767: 764 765 766 768 769 770 
768: 766 767 769 771 
769: 766 767 768 770 771 772 
770: 767 769 771 772 773 
771: 768 769 770 772 773 774 
772: 769 770 771 773 774 775 
773: 770 771 772 774 775 
774: 771 772 773 775 776 777 
775: 772 773 774 776 777 778 
776: 691 774 775 777 778 779 
777: 774 775 776 778 779 780 
778: 775 776 777 779 780 781 
779: 776 777 778 780 781 782 
780: 777 778 779 781 782 783 
781: 778 779 780 782 783 784 
782: 665 779 780 781 783 784 785 814 
783: 780 781 782 784 785 786 
784: 662 736 781 782 783 785 786 1083 
785: 782 783 784 786 787 788 
786: 783 784 785 787 788 789 
787: 785 786 788 789 790 
788: 785 786 787 789 790 791 
789: 786 787 788 790 791 792 
790: 787 788 789 791 792 793 
791: 788 789 790 792 794 
792: 789 790 791 793 794 795 
793: 1 227 790 792 794 796 
794: 303 791 792 793 795 796 797 
795: 792 794 796 797 798 
796: 793 794 795 797 798 799 
797: 794 795 796 798 799 800 
798: 795 796 797 799 800 801 
799: 796 797 798 800 801 802 
800: 797 798 799 801 802 803 
801: 798 799 800 802 804 
802: 563 799 800 801 803 805 
803: 800 802 804 805 806 1248 
804: 801 803 805 806 807 
805: 802 803 804 806 807 808 
806: 803 804 805 807 808 809 
807: 804 805 806 808 809 810 
808: 805 806 807 809 810 811 
809: 806 807 808 810 811 812 
810: 334 807 808 809 811 812 813 
811: 808 809 810 812 813 814 1121 
812: 809 810 811 813 814 815 
813: 810 811 812 815 816 
814: 782 811 812 815 816 817 
815: 360 812 813 814 816 817 818 
816: 813 814 815 817 818 819 
817: 814 815 816 818 819 820 
818: 815 816 817 819 820 821 
819: 530 816 817 818 820 821 822 940 
820: 817 818 819 821 822 823 
821: 818 819 820 822 823 824 
822: 819 820 821 823 824 825 
823: 717 820 821 822 824 825 826 1307 
824: 31 821 822 823 827 
825: 822 823 827 828 
826: 176 423 686 823 827 828 1153 
827: 824 825 826 828 829 830 
828: 825 826 827 831 1374 
829: 99 827 830 831 832 
830: 827 829 831 832 833 945 
831: 828 829 830 832 833 834 
832: 829 830 831 833 834 835 
833: 830 831 832 834 835 836 
834: 831 832 833 835 836 837 1300 
835: 832 833 834 836 837 838 
836: 833 834 835 837 838 839 
837: 834 835 836 838 839 840 1104 
838: 835 836 837 839 840 841 
839: 836 837 838 840 841 842 
840: 363 837 838 839 841 842 843 
841: 249 838 839 840 842 843 844 
842: 618 687 839 840 841 843 844 845 
843: 840 841 842 844 845 846 
844: 369 409 841 842 843 845 846 
845: 842 843 844 846 847 848 
846: 483 843 844 845 847 849 
847: 845 846 848 849 850 
848: 845 847 849 850 851 
849: 846 847 848 850 851 
850: 847 848 849 851 852 853 
851: 848 849 850 852 853 854 
852: 550 850 851 853 854 855 
853: 850 851 852 854 856 
854: 851 852 853 855 856 857 
855: 614 852 854 856 857 858 
856: 698 853 854 855 857 858 859 
857: 854 855 856 858 859 860 
858: 855 856 857 859 860 861 
859: 856 857 858 860 861 862 
860: 857 858 859 861 862 863 1403 
861: 858 859 860 862 863 864 
862: 859 860 861 863 864 865 1487 
863: 860 861 862 864 865 866 
864: 861 862 863 865 866 867 
865: 862 863 864 866 867 868 
866: 863 864 865 867 868 869 
867: 864 865 866 868 869 870 
868: 865 866 867 869 870 871 
869: 866 867 868 870 871 872 
870: 867 868 869 871 872 873 1278 
871: 868 869 870 872 873 874 
872: 869 870 871 873 874 875 
873: 870 871 872 874 875 876 944 
874: 871 872 873 875 876 
875: 872 873 874 876 877 878 
876: 873 874 875 877 878 879 
877: 875 876 878 879 880 1360 
878: 875 876 877 879 881 962 
879: 876 877 878 882 
880: 877 881 882 883 1006 
881: 878 880 882 883 884 1440 
882: 879 880 881 883 884 885 935 
883: 880 881 882 884 885 886 
884: 881 882 883 885 886 887 
885: 882 883 884 886 887 888 
886: 883 884 885 887 888 889 
887: 884 885 886 888 889 890 
888: 885 886 887 889 890 891 1466 
889: 376 886 887 888 891 892 1489 
890: 887 888 891 892 893 
891: 888 889 890 892 893 894 
892: 889 890 891 893 894 895 1369 
893: 890 891 892 894 895 896 
894: 891 892 893 895 896 1212 
895: 892 893 894 896 897 898 
896: 893 894 895 897 898 970 
897: 895 896 898 899 900 
898: 895 896 897 899 900 901 
899: 897 898 900 901 902 
900: 897 898 899 901 902 903 
901: 898 899 900 902 903 904 
902: 899 900 901 904 905 
903: 257 900 901 904 905 
904: 901 902 903 905 906 906 907 
905: 371 902 903 904 906 907 908 
906: 904 904 905 907 908 909 
907: 904 905 906 908 909 910 
908: 905 906 907 909 910 911 
909: 906 907 908 910 911 912 
910: 907 908 909 911 912 913 
911: 908 909 910 912 913 914 
912: 909 910 911 913 914 915 
913: 520 910 911 912 914 915 916 
914: 911 912 913 915 916 917 
915: 246 912 913 914 916 917 918 
916: 913 914 915 917 918 919 
917: 914 915 916 918 919 920 
918: 915 916 917 919 920 921 
919: 298 916 917 918 920 921 922 1209 
920: 917 918 919 921 923 
921: 918 919 920 922 923 924 
922: 233 919 921 923 924 925 1300 
923: 920 921 922 924 925 926 1045 
924: 463 921 922 923 925 926 927 
925: 922 923 924 926 927 928 
926: 923 924 925 927 928 929 
927: 924 925 926 928 929 930 
928: 711 925 926 927 930 931 
929: 926 927 930 931 932 
930: 562 927 928 929 931 932 933 
931: 928 929 930 932 933 934 
932: 929 930 931 933 934 935 
933: 930 931 932 934 935 936 
934: 931 932 933 935 936 937 
935: 882 932 933 934 936 938 
936: 435 933 934 935 937 939 
937: 934 936 938 939 940 
938: 935 937 939 941 1139 
939: 936 937 938 940 941 942 
940: 338 819 937 939 941 942 
941: 938 939 940 942 944 
942: 939 940 941 943 944 945 
943: 419 942 944 945 946 
944: 873 941 942 943 945 947 
945: 830 942 943 944 946 947 948 
946: 943 945 947 948 
947: 944 945 946 948 949 950 1440 
948: 177 945 946 947 949 950 951 
949: 947 948 950 951 952 1070 
950: 47 129 947 948 949 951 952 953 
951: 948 949 950 952 953 954 
952: 949 950 951 953 954 955 
953: 950 951 952 954 955 956 
954: 951 952 953 955 956 957 
955: 952 953 954 956 957 958 
956: 953 954 955 958 959 
957: 38 954 955 958 959 960 
958: 955 956 957 959 960 961 
959: 956 957 958 960 961 962 
960: 957 958 959 961 962 963 
961: 958 959 960 962 963 964 
962: 878 959 960 961 963 964 965 
963: 960 961 962 964 965 966 
964: 961 962 963 965 966 967 
965: 962 963 964 966 967 968 
966: 358 963 964 965 967 968 969 
967: 964 965 966 968 969 970 
968: 965 966 967 969 970 971 
969: 515 966 967 968 970 971 
970: 896 967 968 969 971 972 973 
971: 185 968 969 970 973 974 
972: 970 973 974 975 1393 
973: 970 971 972 974 975 976 
974: 971 972 973 975 976 977 1013 
975: 377 972 973 974 976 977 978 
976: 973 974 975 977 978 979 
977: 974 975 976 978 979 980 
978: 975 976 977 979 980 981 
979: 976 977 978 980 981 982 
980: 639 977 978 979 981 982 983 
981: 978 979 980 982 983 984 
982: 979 980 981 983 984 985 
983: 108 980 981 982 985 986 
984: 981 982 985 986 987 
985: 982 983 984 987 988 1001 
986: 26 344 590 983 984 988 989 
987: 984 985 989 990 
988: 138 985 986 989 990 991 
989: 655 986 987 988 990 991 992 
990: 987 988 989 991 992 993 
991: 988 989 990 992 993 994 
992: 989 990 991 993 994 995 
993: 990 991 992 994 995 996 1236 
994: 991 992 993 995 996 997 
995: 992 993 994 996 997 998 
996: 993 994 995 997 998 999 
997: 174 994 995 996 999 1000 
998: 995 996 1000 1001 
999: 996 997 1000 1001 1002 1357 1437 
1000: 997 998 999 1002 1003 
1001: 163 985 998 999 1002 1003 1004 
1002: 999 1000 1001 1003 1004 1005 
1003: 1000 1001 1002 1004 1005 1006 
1004: 752 1001 1002 1003 1005 1006 
1005: 1002 1003 1004 1006 1007 1008 
1006: 880 1003 1004 1005 1008 1009 
1007: 232 1005 1008 1009 1010 
1008: 1005 1006 1007 1009 1010 1011 
1009: 1006 1007 1008 1010 1011 1012 
1010: 1007 1008 1009 1011 1012 1013 
1011: 1008 1009 1010 1012 1013 1014 
1012: 1009 1010 1011 1013 1014 1015 
1013: 974 1010 1011 1012 1014 1016 
1014: 1011 1012 1013 1016 1017 
1015: 1012 1016 1017 1018 1190 
1016: 1 1013 1014 1015 1017 1018 
1017: 156 1014 1015 1016 1018 1019 1020 1030 
1018: 1015 1016 1017 1019 1020 1021 
1019: 1017 1018 1020 1021 1022 1240 
1020: 1017 1018 1019 1021 1022 1023 
1021: 1018 1019 1020 1022 1023 1024 
1022: 1019 1020 1021 1023 1024 1025 
1023: 1020 1021 1022 1024 1025 1026 
1024: 1021 1022 1023 1025 1026 1027 
1025: 1022 1023 1024 1026 1027 1028 
1026: 1023 1024 1025 1027 1028 1029 
1027: 63 1024 1025 1026 1029 
1028: 1025 1026 1029 1031 
1029: 682 1026 1027 1028 1030 1031 
1030: 1017 1029 1031 1032 1372 
1031: 1028 1029 1030 1032 1033 
1032: 1030 1031 1033 1034 1035 
1033: 495 1031 1032 1035 1036 
1034: 189 649 649 679 1032 1035 1036 1037 
1035: 1032 1033 1034 1036 1037 
1036: 1033 1034 1035 1037 1038 1039 
1037: 681 1034 1035 1036 1038 1039 
1038: 442 1036 1037 1039 1040 1041 
1039: 1036 1037 1038 1040 1041 1042 
1040: 1038 1039 1041 1042 1043 
1041: 1038 1039 1040 1042 1043 1044 1412 
1042: 1039 1040 1041 1043 1044 
1043: 1040 1041 1042 1044 1045 1046 
1044: 1041 1042 1043 1045 1046 1047 
1045: 923 1043 1044 1046 1047 1048 
1046: 1043 1044 1045 1047 1048 1049 
1047: 1044 1045 1046 1048 1049 1050 
1048: 1045 1046 1047 1049 1050 1051 
1049: 1046 1047 1048 1050 1051 1052 
1050: 1047 1048 1049 1051 1052 1053 
1051: 1048 1049 1050 1052 1053 1054 
1052: 1049 1050 1051 1053 1054 1055 
1053: 1050 1051 1052 1054 1055 1056 
1054: 1051 1052 1053 1055 1056 1057 1150 
1055: 1052 1053 1054 1056 1057 1058 
1056: 1053 1054 1055 1057 1058 1059 
1057: 1054 1055 1056 1059 1060 
1058: 669 1055 1056 1059 1060 1061 
1059: 259 1056 1057 1058 1060 1061 1062 
1060: 1057 1058 1059 1061 1062 1418 
1061: 1058 1059 1060 1062 1063 1064 
1062: 1059 1060 1061 1063 1064 1065 
1063: 504 1061 1062 1064 1065 
1064: 724 1061 1062 1063 1065 1349 
1065: 1062 1063 1064 1066 1067 1068 
1066: 182 1065 1067 1068 1069 
1067: 60 1065 1066 1068 1069 1070 
1068: 1065 1066 1067 1069 1070 1071 
1069: 1066 1067 1068 1071 1072 
1070: 454 949 1067 1068 1071 1072 1073 
1071: 1068 1069 1070 1072 1073 1074 
1072: 1069 1070 1071 1073 1074 1075 1457 
1073: 1070 1071 1072 1074 1075 1076 
1074: 1071 1072 1073 1075 1076 1077 
1075: 1072 1073 1074 1076 1077 1078 
1076: 1073 1074 1075 1077 1078 1079 
1077: 1074 1075 1076 1078 1079 1080 
1078: 1075 1076 1077 1079 1080 1081 
1079: 1076 1077 1078 1080 1081 1082 
1080: 1077 1078 1079 1081 1082 1083 
1081: 1078 1079 1080 1082 1083 1084 
1082: 351 1079 1080 1081 1084 1085 
1083: 784 1080 1081 1084 1085 1086 
1084: 1081 1082 1083 1085 1086 1087 
1085: 1082 1083 1084 1086 1087 1088 
1086: 1083 1084 1085 1087 1088 1089 
1087: 1084 1085 1086 1088 1089 1090 
1088: 178 1085 1086 1087 1089 1090 1091 
1089: 438 1086 1087 1088 1090 1091 1092 
1090: 1087 1088 1089 1091 1092 1093 
1091: 547 1088 1089 1090 1092 1094 
1092: 1089 1090 1091 1093 1095 
1093: 1090 1092 1094 1095 1096 1212 
1094: 501 1091 1093 1095 1096 1097 
1095: 1092 1093 1094 1096 1097 1098 
1096: 1093 1094 1095 1097 1098 1099 
1097: 277 1094 1095 1096 1098 1099 1100 
1098: 1095 1096 1097 1099 1100 1101 
1099: 153 1096 1097 1098 1101 1102 
1100: 1097 1098 1101 1102 1103 
1101: 1098 1099 1100 1102 1103 1104 
1102: 1099 1100 1101 1103 1104 1105 
1103: 1100 1101 1102 1104 1105 1106 
1104: 837 1101 1102 1103 1105 1106 
1105: 1102 1103 1104 1106 1107 1108 
1106: 1103 1104 1105 1107 1108 1109 
1107: 1105 1106 1108 1109 1110 
1108: 1105 1106 1107 1109 1110 1111 
1109: 1106 1107 1108 1110 1111 1112 
1110: 1107 1108 1109 1111 1112 1113 
1111: 1108 1109 1110 1112 1113 1114 
1112: 1109 1110 1111 1113 1114 1115 
1113: 1110 1111 1112 1115 1116 1256 
1114: 1111 1112 1115 1116 1117 
1115: 1112 1113 1114 1116 1117 1118 
1116: 1113 1114 1115 1117 1118 1119 
1117: 107 1114 1115 1116 1118 1119 
1118: 1115 1116 1117 1119 1120 1121 
1119: 1116 1117 1118 1120 1121 1122 
1120: 1118 1119 1122 1123 
1121: 811 1118 1119 1122 1123 1124 
1122: 482 1119 1120 1121 1123 1124 1125 
1123: 1120 1121 1122 1124 1125 1126 1264 
1124: 1121 1122 1123 1125 1126 1127 
1125: 1122 1123 1124 1126 1127 1128 
1126: 1123 1124 1125 1127 1129 
1127: 1124 1125 1126 1128 1129 1130 
1128: 1125 1127 1129 1130 1131 1463 
1129: 1126 1127 1128 1130 1131 1132 
1130: 1127 1128 1129 1131 1132 1133 
1131: 1128 1129 1130 1133 1134 
1132: 419 1129 1130 1133 1134 1135 
1133: 1130 1131 1132 1134 1135 1136 
1134: 1131 1132 1133 1135 1136 1137 
1135: 1132 1133 1134 1136 1137 1138 
1136: 1133 1134 1135 1137 1138 1139 
1137: 1134 1135 1136 1138 1139 1140 
1138: 1135 1136 1137 1139 1140 1141 
1139: 938 1136 1137 1138 1140 1141 1142 
1140: 1137 1138 1139 1141 1142 1143 
1141: 622 1138 1139 1140 1142 1143 1144 
1142: 1139 1140 1141 1143 1144 1145 
1143: 1140 1141 1142 1144 1145 1146 
1144: 457 1141 1142 1143 1146 1147 
1145: 1142 1143 1146 1147 1148 
1146: 1143 1144 1145 1147 1148 1149 
1147: 1144 1145 1146 1148 1149 1150 
1148: 1145 1146 1147 1149 1151 
1149: 1146 1147 1148 1150 1151 1152 
1150: 1054 1147 1149 1151 1152 1153 
1151: 1148 1149 1150 1152 1153 1154 
1152: 1149 1150 1151 1153 1154 1155 
1153: 826 1150 1151 1152 1154 1155 1156 
1154: 242 1151 1152 1153 1155 1156 1157 
1155: 1152 1153 1154 1156 1157 1158 
1156: 1153 1154 1155 1157 1158 1159 
1157: 1154 1155 1156 1158 1159 1160 
1158: 745 1155 1156 1157 1159 1160 1161 
1159: 525 1156 1157 1158 1160 1161 
1160: 241 1157 1158 1159 1161 1162 1163 
1161: 1158 1159 1160 1162 1163 1164 
1162: 1160 1161 1163 1164 1165 
1163: 105 1160 1161 1162 1164 1165 1166 
1164: 1161 1162 1163 1165 1166 1167 
1165: 1162 1163 1164 1166 1167 1168 
1166: 1163 1164 1165 1167 1168 1169 
1167: 411 1164 1165 1166 1168 1169 1170 1396 
1168: 1165 1166 1167 1169 1170 1171 
1169: 1166 1167 1168 1170 1171 1172 
1170: 1167 1168 1169 1171 1172 1173 
1171: 62 345 1168 1169 1170 1172 1173 1174 
1172: 1169 1170 1171 1173 1174 1175 
1173: 1170 1171 1172 1174 1175 1176 
1174: 20 1171 1172 1173 1175 1177 
1175: 1172 1173 1174 1176 1177 1178 
1176: 1173 1175 1177 1178 1179 
1177: 1174 1175 1176 1178 1179 1180 
1178: 301 1175 1176 1177 1179 1180 1181 
1179: 1176 1177 1178 1180 1181 1182 
1180: 1177 1178 1179 1181 1182 1183 
1181: 1178 1179 1180 1182 1183 1184 
1182: 1179 1180 1181 1183 1184 1185 
1183: 1180 1181 1182 1184 1185 1186 
1184: 1181 1182 1183 1185 1186 1187 
1185: 1182 1183 1184 1186 1187 1188 
1186: 1183 1184 1185 1187 1188 1189 
1187: 1184 1185 1186 1188 1189 1190 
1188: 710 1185 1186 1187 1189 1190 1191 
1189: 1186 1187 1188 1190 1191 1192 
1190: 1015 1187 1188 1189 1191 1192 1193 
1191: 1188 1189 1190 1192 1193 1194 
1192: 1189 1190 1191 1193 1194 1195 
1193: 1190 1191 1192 1194 1195 1196 
1194: 1191 1192 1193 1195 1196 1197 
1195: 1192 1193 1194 1196 1197 1198 
1196: 1193 1194 1195 1197 1198 1199 
1197: 1194 1195 1196 1198 1199 1200 
1198: 1195 1196 1197 1199 1200 1201 
1199: 123 1196 1197 1198 1200 1201 1202 
1200: 1197 1198 1199 1201 1202 1203 
1201: 1198 1199 1200 1202 1203 1204 
1202: 1199 1200 1201 1203 1204 1205 
1203: 295 1200 1201 1202 1204 1205 1206 1313 
1204: 1201 1202 1203 1205 1206 1207 1280 
1205: 1202 1203 1204 1206 1207 1208 
1206: 250 1203 1204 1205 1207 1208 1209 
1207: 1204 1205 1206 1208 1209 
1208: 1205 1206 1207 1209 1210 1211 
1209: 67 919 1206 1207 1208 1212 
1210: 348 1208 1211 1212 1213 
1211: 1208 1210 1212 1213 1214 
1212: 894 1093 1209 1210 1211 1213 1215 1266 
1213: 554 1210 1211 1212 1214 1216 
1214: 92 1211 1213 1215 1216 1217 1375 
1215: 78 1212 1214 1217 1218 
1216: 1213 1214 1217 1218 1219 
1217: 1214 1215 1216 1219 1220 
1218: 735 1215 1216 1220 1221 
1219: 38 1216 1217 1220 1221 1222 
1220: 1217 1218 1219 1222 1223 
1221: 1218 1219 1222 1223 1224 1429 
1222: 750 1219 1220 1221 1223 1224 1225 
1223: 1220 1221 1222 1224 1225 1226 
1224: 101 1221 1222 1223 1225 1227 
1225: 1222 1223 1224 1226 1227 1228 
1226: 1223 1225 1227 1228 1229 
1227: 42 1224 1225 1226 1228 1229 1230 1338 
1228: 1225 1226 1227 1229 1230 1231 
1229: 1226 1227 1228 
1230: 648 1227 1228 1231 1232 1233 1454 
1231: 1228 1230 1232 1233 1234 1356 
1232: 329 1230 1231 1233 1234 1235 
1233: 1230 1231 1232 1234 1235 1236 
1234: 1231 1232 1233 1235 1237 1354 
1235: 751 1232 1233 1234 1236 1237 1238 
1236: 993 1233 1235 1237 1238 
1237: 1234 1235 1236 1238 1239 1240 
1238: 1235 1236 1237 1239 1240 1241 
1239: 748 1237 1238 1241 1490 
1240: 1019 1237 1238 1241 1242 1243 
1241: 1238 1239 1240 1242 1243 1244 
1242: 1240 1241 1243 1244 1245 
1243: 1240 1241 1242 1244 1245 1246 
1244: 1241 1242 1243 1245 1246 1247 
1245: 1242 1243 1244 1246 1247 1248 
1246: 1243 1244 1245 1247 1248 1249 
1247: 1244 1245 1246 1248 1249 1250 
1248: 803 1245 1246 1247 1249 1250 1251 
1249: 1246 1247 1248 1250 1251 1252 
1250: 1247 1248 1249 1251 1252 1253 
1251: 1248 1249 1250 1252 1253 1254 
1252: 1249 1250 1251 1253 1254 1255 
1253: 172 1250 1251 1252 1255 1256 
1254: 640 1251 1252 1255 1256 
1255: 1252 1253 1254 1256 1257 1258 
1256: 1113 1253 1254 1255 1257 1258 1259 
1257: 431 1255 1256 1258 1259 1260 
1258: 1255 1256 1257 1259 1260 1261 
1259: 1256 1257 1258 1260 1261 1262 
1260: 1257 1258 1259 1261 1262 1263 
1261: 1258 1259 1260 1262 1264 
1262: 1259 1260 1261 1263 1264 1265 
1263: 692 1260 1262 1265 1266 1370 
1264: 512 1123 1261 1262 1265 1266 1267 
1265: 1262 1263 1264 1266 1267 1268 
1266: 516 1212 1263 1264 1265 1268 1269 
1267: 1264 1265 1268 1269 1270 
1268: 1265 1266 1267 1269 1270 1271 
1269: 1266 1267 1268 1270 1271 1272 1373 
1270: 214 1267 1268 1269 1271 1272 1273 
1271: 1268 1269 1270 1272 1273 1274 
1272: 1269 1270 1271 1273 1274 1275 
1273: 1270 1271 1272 1274 1275 1276 
1274: 1271 1272 1273 1275 1276 1277 
1275: 1272 1273 1274 1276 1277 1278 
1276: 227 1273 1274 1275 1277 1279 
1277: 105 707 1274 1275 1276 1280 
1278: 870 1275 1280 1281 
1279: 1276 1280 1281 1282 
1280: 1204 1277 1278 1279 1282 1283 
1281: 1278 1279 1282 1283 1284 
1282: 1279 1280 1281 1283 1284 1285 
1283: 1280 1281 1282 1284 1286 
1284: 1281 1282 1283 1285 1286 1287 
1285: 406 1282 1284 1286 1287 1288 
1286: 1283 1284 1285 1287 1288 1289 
1287: 1284 1285 1286 1288 1289 1290 
1288: 1285 1286 1287 1289 1290 1291 
1289: 1286 1287 1288 1290 1291 1292 
1290: 1287 1288 1289 1291 1292 1293 
1291: 1288 1289 1290 1292 1294 
1292: 1289 1290 1291 1293 1295 
1293: 325 1290 1292 1294 1295 1296 
1294: 171 1291 1293 1295 1296 1297 
1295: 1292 1293 1294 1296 1297 1298 
1296: 1293 1294 1295 1297 1298 1299 
1297: 1294 1295 1296 1298 1299 1300 
1298: 174 1295 1296 1297 1299 1301 
1299: 1296 1297 1298 1300 1301 1302 
1300: 834 922 1297 1299 1303 
1301: 1298 1299 1302 1303 1304 
1302: 1299 1301 1303 1304 1305 
1303: 1300 1301 1302 1304 1305 1306 
1304: 1301 1302 1303 1305 1306 
1305: 1302 1303 1304 1307 1308 
1306: 127 1303 1304 1307 1308 1309 
1307: 823 1305 1306 1308 1309 1310 
1308: 1305 1306 1307 1309 1310 1311 
1309: 1306 1307 1308 1310 1311 1312 
1310: 1307 1308 1309 1311 1312 1313 
1311: 1308 1309 1310 1312 1313 1314 
1312: 1309 1310 1311 1313 1314 1315 
1313: 1203 1310 1311 1312 1315 1316 
1314: 1311 1312 1315 1316 1317 
1315: 1312 1313 1314 1316 1317 1318 
1316: 1313 1314 1315 1317 1318 1319 
1317: 507 1314 1315 1316 1318 1319 1320 
1318: 1315 1316 1317 1319 1320 1321 
1319: 1316 1317 1318 1320 1321 1322 
1320: 1317 1318 1319 1321 1322 1323 
1321: 1318 1319 1320 1322 1323 1324 
1322: 1319 1320 1321 1323 1324 1325 1404 
1323: 1320 1321 1322 1324 1325 1326 
1324: 1321 1322 1323 1325 1326 1327 
1325: 1322 1323 1324 1327 1328 
1326: 123 1323 1324 1327 1328 1329 
1327: 1324 1325 1326 1328 1329 1330 
1328: 1325 1326 1327 1329 1330 1331 
1329: 1326 1327 1328 1330 1331 1332 
1330: 1327 1328 1329 1331 1332 1333 
1331: 1328 1329 1330 1332 1333 1334 
1332: 1329 1330 1331 1333 1334 1335 
1333: 1330 1331 1332 1334 1335 1336 
1334: 1331 1332 1333 1335 1336 1337 
1335: 1332 1333 1334 1336 1337 1338 
1336: 1333 1334 1335 1337 1338 1339 
1337: 1334 1335 1336 1338 1339 1340 
1338: 1227 1335 1336 1337 1339 1341 
1339: 1336 1337 1338 1340 1341 1342 
1340: 1337 1339 1341 1342 1343 
1341: 1338 1339 1340 1342 1343 1344 
1342: 1339 1340 1341 1343 1344 1345 
1343: 1340 1341 1342 1344 1345 1346 
1344: 1341 1342 1343 1345 1346 1347 
1345: 1342 1343 1344 1346 1347 1348 
1346: 1343 1344 1345 1347 1348 1433 
1347: 1344 1345 1346 1348 1349 1350 1351 
1348: 1345 1346 1347 1349 1350 1351 
1349: 1064 1347 1348 1350 1351 1352 
1350: 158 1347 1348 1349 1352 1353 
1351: 1347 1348 1349 1352 1353 1354 
1352: 1349 1350 1351 1353 1354 1355 
1353: 1350 1351 1352 1354 1355 1356 
1354: 1234 1351 1352 1353 1355 1356 1357 
1355: 1352 1353 1354 1356 1357 1358 
1356: 1231 1353 1354 1355 1357 1358 1359 
1357: 999 1354 1355 1356 1358 1359 1360 
1358: 1355 1356 1357 1359 1360 1361 
1359: 1356 1357 1358 1360 1361 1362 
1360: 877 1357 1358 1359 1361 1362 1363 1415 
1361: 1358 1359 1360 1362 1363 1364 
1362: 1359 1360 1361 1363 1364 1365 
1363: 1360 1361 1362 1364 1365 1366 
1364: 1361 1362 1363 1365 1366 1367 
1365: 1362 1363 1364 1366 1367 1368 1455 
1366: 1363 1364 1365 1367 1368 
1367: 1364 1365 1366 1368 1369 1370 
1368: 114 1365 1366 1367 1370 1371 
1369: 892 1367 1370 1371 1372 
1370: 523 1263 1367 1368 1369 1371 1372 1373 
1371: 1368 1369 1370 1372 1374 
1372: 1030 1369 1370 1371 1373 1374 1375 
1373: 1269 1370 1372 1374 1375 1376 
1374: 828 1371 1372 1373 1376 
1375: 1214 1372 1373 1376 1377 1378 
1376: 57 1373 1374 1375 1377 1378 1379 
1377: 1375 1376 1378 1379 1380 
1378: 1375 1376 1377 1379 1380 1381 
1379: 1376 1377 1378 1380 1381 1382 1428 
1380: 1377 1378 1379 1381 1382 1383 
1381: 1378 1379 1380 1382 1383 1384 
1382: 1379 1380 1381 1383 1384 1385 
1383: 1380 1381 1382 1384 1385 1386 
1384: 675 1381 1382 1383 1385 1386 1387 
1385: 1382 1383 1384 1386 1387 1388 
1386: 1383 1384 1385 1387 1388 1389 
1387: 1384 1385 1386 1388 1389 1390 
1388: 1385 1386 1387 1389 1390 1391 
1389: 1386 1387 1388 1390 1391 1392 
1390: 1387 1388 1389 1391 1392 1393 
1391: 1388 1389 1390 1392 1393 1394 
1392: 421 1389 1390 1391 1393 1394 1395 
1393: 972 1390 1391 1392 1394 1395 1396 
1394: 1391 1392 1393 1395 1396 1397 
1395: 1392 1393 1394 1397 1398 
1396: 1167 1393 1394 1397 1398 1399 
1397: 1394 1395 1396 1398 1399 1400 
1398: 1395 1396 1397 1399 1400 1401 
1399: 1396 1397 1398 1400 1401 1402 
1400: 1397 1398 1399 1401 1402 1403 
1401: 674 1398 1399 1400 1402 1403 1404 
1402: 1399 1400 1401 1404 1405 
1403: 860 1400 1401 1404 1405 1406 
1404: 642 1322 1401 1402 1403 1405 
1405: 1402 1403 1404 1406 1407 1408 
1406: 1403 1405 1407 1408 1409 
1407: 1405 1406 1408 1409 1410 
1408: 688 1405 1406 1407 1409 1410 1411 
1409: 1406 1407 1408 1410 1411 1412 
1410: 1407 1408 1409 1411 1412 1413 
1411: 1408 1409 1410 1412 1413 1414 
1412: 598 1041 1409 1410 1411 1415 
1413: 1410 1411 1414 1416 
1414: 1411 1413 1415 1416 1417 
1415: 1360 1412 1414 1416 1417 1418 
1416: 1413 1414 1415 1417 1418 1419 
1417: 1414 1415 1416 1418 1419 1420 
1418: 1060 1415 1416 1417 1419 1420 1421 
1419: 1416 1417 1418 1420 1421 1422 
1420: 1417 1418 1419 1421 1422 1423 
1421: 1418 1419 1420 1422 1423 1424 
1422: 1419 1420 1421 1424 1425 
1423: 9 1420 1421 1424 1425 1426 
1424: 1421 1422 1423 1425 1426 1427 
1425: 1422 1423 1424 1426 1427 
1426: 404 1423 1424 1425 1427 1428 1429 
1427: 23 1424 1425 1426 1428 1429 1430 
1428: 735 1379 1426 1427 1429 1431 
1429: 1221 1426 1427 1428 1430 1431 1432 
1430: 1427 1429 1431 1432 1433 
1431: 1428 1429 1430 1432 1433 1434 
1432: 1429 1430 1431 1433 1434 1435 
1433: 1346 1430 1431 1432 1434 1435 1436 
1434: 1431 1432 1433 1435 1436 1437 
1435: 1432 1433 1434 1436 1437 1438 
1436: 236 1433 1434 1435 1437 1438 1439 
1437: 999 1434 1435 1436 1439 1440 
1438: 1435 1436 1439 1440 1441 
1439: 1436 1437 1438 1440 1441 1442 
1440: 881 947 1437 1438 1439 1442 1443 
1441: 1438 1439 1442 1443 
1442: 174 1439 1440 1441 1443 1445 
1443: 625 1440 1441 1442 1444 1445 1446 
1444: 485 1443 1445 1446 1447 
1445: 1442 1443 1444 1446 1447 1448 
1446: 1443 1444 1445 1447 1448 1449 
1447: 1444 1445 1446 1448 1449 1450 
1448: 1445 1446 1447 1449 1450 1451 
1449: 1446 1447 1448 1450 1451 1452 
1450: 1447 1448 1449 1451 1452 1453 
1451: 1448 1449 1450 1452 1453 1454 
1452: 1449 1450 1451 1453 1454 1455 
1453: 1450 1451 1452 1454 1456 
1454: 1230 1451 1452 1453 1455 1456 1457 
1455: 1365 1452 1454 1456 1457 1458 
1456: 1453 1454 1455 1458 1459 
1457: 402 1072 1454 1455 1458 1459 1460 
1458: 1455 1456 1457 1459 1460 1461 
1459: 1456 1457 1458 1460 1461 1462 
1460: 1457 1458 1459 1461 1462 1463 1471 
1461: 1458 1459 1460 1462 1463 1464 
1462: 1459 1460 1461 1463 1464 1465 
1463: 1128 1460 1461 1462 1464 1465 
1464: 1461 1462 1463 1465 1466 1467 
1465: 1462 1463 1464 1466 1467 1468 
1466: 721 888 1464 1465 1467 1468 1469 
1467: 1464 1465 1466 1468 1469 1470 
1468: 1465 1466 1467 1469 1470 1471 
1469: 1466 1467 1468 1470 1472 
1470: 1467 1468 1469 1471 1472 1473 
1471: 1460 1468 1470 1472 1473 1474 
1472: 1469 1470 1471 1473 1474 1475 
1473: 1470 1471 1472 1474 1475 1476 
1474: 1471 1472 1473 1475 1476 1477 
1475: 1472 1473 1474 1476 1477 1478 
1476: 1473 1474 1475 1477 1478 1479 
1477: 1474 1475 1476 1478 1479 1480 
1478: 1475 1476 1477 1479 1480 1481 
1479: 1476 1477 1478 1480 1481 1482 
1480: 1477 1478 1479 1481 1482 1483 
1481: 1478 1479 1480 1482 1483 1484 
1482: 1479 1480 1481 1483 1484 1485 
1483: 1480 1481 1482 1484 1485 1486 
1484: 1481 1482 1483 1485 1486 1487 
1485: 1482 1483 1484 1486 1487 1488 
1486: 1483 1484 1485 1488 
1487: 862 1484 1485 1488 1489 1490 
1488: 1485 1486 1487 1489 1490 1491 
1489: 889 1487 1488 1490 1491 1492 
1490: 1239 1487 1488 1489 1491 1492 1493 
1491: 1488 1489 1490 1492 1493 1494 
1492: 1489 1490 1491 1493 1494 1495 
1493: 1490 1491 1492 1494 1495 1496 
1494: 1491 1492 1493 1495 1496 1497 
1495: 1492 1493 1494 1496 1497 1498 
1496: 1493 1494 1495 1497 1498 1499 
1497: 0 1494 1495 1496 1498 1499 
1498: 0 1 1495 1496 1497 1499 
1499: 0 1 2 1496 1497 1498 
